2 0.41484375 0.715625 0.1359375 0.115625
2 0.65 0.80546875 0.14375 0.1234375
2 0.5296875 0.4984375 0.1234375 0.1078125
2 0.1578125 0.44296875 0.16875 0.1375
2 0.2421875 0.2859375 0.1390625 0.115625
2 0.778125 0.68359375 0.1234375 0.1046875
2 0.7453125 0.55234375 0.1359375 0.115625
2 0.26171875 0.6625 0.1140625 0.1046875
2 0.77578125 0.359375 0.11875 0.1015625
2 0.08203125 0.36171875 0.1515625 0.1265625
2 0.47890625 0.2453125 0.140625 0.121875
2 0.78125 0.165625 0.1203125 0.109375
2 0.61171875 0.31953125 0.1359375 0.1171875
2 0.47734375 0.35 0.1515625 0.128125
2 0.5 0.503125 1 0.99375