2 0.37890625 0.696875 0.121875 0.096875
2 0.59453125 0.8265625 0.13125 0.1046875
2 0.52890625 0.50390625 0.1109375 0.0921875
2 0.1734375 0.384375 0.153125 0.115625
2 0.28359375 0.24453125 0.1265625 0.096875
2 0.7421875 0.72890625 0.1125 0.0890625
2 0.7328125 0.59453125 0.121875 0.096875
2 0.23671875 0.61875 0.1015625 0.090625
2 0.7953125 0.409375 0.1078125 0.084375
2 0.1125 0.29140625 0.1375 0.10625
2 0.5234375 0.2453125 0.1265625 0.103125
2 0.83515625 0.21953125 0.10625 0.09375
2 0.64140625 0.34140625 0.1234375 0.0984375
2 0.50390625 0.34765625 0.1375 0.1078125
2 0.5 0.54140625 1 0.9171875