1 0.75234375 0.6640625 0.0984375 0.1578125
1 0.61875 0.55546875 0.0921875 0.1796875
1 0.67421875 0.70546875 0.0828125 0.1265625
1 0.42734375 0.634375 0.15625 0.15
1 0.3734375 0.46015625 0.153125 0.1859375
1 0.5140625 0.3484375 0.115625 0.1453125
1 0.6375 0.3765625 0.103125 0.11875
1 0.7234375 0.24140625 0.0421875 0.0609375
1 0.4359375 0.1828125 0.0484375 0.08125
1 0.278125 0.1734375 0.1171875 0.1765625
1 0.2171875 0.32265625 0.134375 0.1625
1 0.54921875 0.48125 0.0484375 0.06875
1 0.7125 0.58125 0.04375 0.065625
1 0.65390625 0.4671875 0.0875 0.0890625