1 0.253125 0.32734375 0.103125 0.1609375
1 0.3828125 0.440625 0.0984375 0.1828125
1 0.33359375 0.28828125 0.0875 0.1296875
1 0.57734375 0.36796875 0.1609375 0.1546875
1 0.625 0.54375 0.159375 0.190625
1 0.48046875 0.6515625 0.1203125 0.15
1 0.35859375 0.61875 0.10625 0.121875
1 0.26796875 0.75078125 0.0453125 0.0625
1 0.553125 0.81875 0.05 0.0828125
1 0.7109375 0.834375 0.121875 0.1796875
1 0.77578125 0.6875 0.1390625 0.1671875
1 0.45 0.51640625 0.05 0.0703125
1 0.290625 0.4109375 0.0453125 0.0671875
1 0.34453125 0.52734375 0.090625 0.0921875