2 0.43203125 0.64921875 0.10625 0.1234375
2 0.30546875 0.86640625 0.1 0.1390625
2 0.35234375 0.46171875 0.0875 0.1140625
2 0.63125 0.2359375 0.08125 0.0921875
2 0.3921875 0.365625 0.0859375 0.1046875
2 0.51015625 0.2 0.0734375 0.0890625
2 0.71875 0.6296875 0.0703125 0.0921875
2 0.11328125 0.91484375 0.1125 0.1359375
2 0.628125 0.6984375 0.0875 0.1046875
2 0.25859375 0.784375 0.1046875 0.1171875
2 0.971875 0.39140625 0.05625 0.0984375
2 0.565625 0.53984375 0.0875 0.0984375
2 0.50703125 0.36796875 0.065625 0.1015625