0 0.06328125 0.49453125 0.1265625 0.7765625
0 0.04453125 0.66484375 0.0890625 0.6703125
0 0.1203125 0.56875 0.1375 0.63125
0 0.15390625 0.5640625 0.0953125 0.6390625
0 0.2015625 0.521875 0.1203125 0.8296875
0 0.275 0.55078125 0.0765625 0.628125
0 0.31640625 0.46796875 0.0921875 0.5296875
0 0.34609375 0.403125 0.146875 0.6234375
0 0.4078125 0.38125 0.0828125 0.4921875
0 0.42890625 0.3390625 0.1484375 0.6765625
0 0.55546875 0.46015625 0.0890625 0.9125
0 0.734375 0.3484375 0.1390625 0.6640625
0 0.7125 0.49296875 0.0796875 0.434375
0 0.796875 0.34375 0.0921875 0.65
0 0.85546875 0.36953125 0.0875 0.734375
0 0.9109375 0.55546875 0.0875 0.8109375
0 0.9546875 0.53359375 0.0765625 0.809375