0 0.74453125 0.73515625 0.1578125 0.2375
0 0.46953125 0.7046875 0.1078125 0.2140625
0 0.5734375 0.715625 0.13125 0.1953125
0 0.64453125 0.65703125 0.075 0.0984375
0 0.78203125 0.6109375 0.128125 0.0515625
0 0.33984375 0.7484375 0.0703125 0.1234375
0 0.38828125 0.71796875 0.06875 0.15625
0 0.16953125 0.53125 0.0609375 0.153125
0 0.0765625 0.50859375 0.153125 0.1109375
0 0.14296875 0.5171875 0.065625 0.0921875
0 0.04765625 0.4765625 0.0953125 0.0875
0 0.84375 0.578125 0.2671875 0.1015625
0 0.92734375 0.46796875 0.1453125 0.0828125