0 0.10234375 0.3578125 0.2046875 0.34765625
0 0.15703125 0.76015625 0.26796875 0.38515625
0 0.39765625 0.74140625 0.2546875 0.4859375
0 0.77421875 0.71640625 0.08359375 0.321875
0 0.89765625 0.7578125 0.1171875 0.25703125
0 0.3703125 0.2421875 0.1875 0.43828125
0 0.4140625 0.2328125 0.13984375 0.4453125
0 0.475 0.20703125 0.11328125 0.40390625
0 0.60078125 0.29765625 0.0984375 0.33828125
0 0.71171875 0.265625 0.11015625 0.4859375
0 0.79375 0.21953125 0.1203125 0.2390625
0 0.85859375 0.184375 0.1484375 0.121875