0 0.75703125 0.721875 0.146875 0.2328125
0 0.48046875 0.70625 0.0984375 0.2109375
0 0.584375 0.7109375 0.121875 0.190625
0 0.65234375 0.64921875 0.0703125 0.0953125
0 0.7875 0.59609375 0.1265625 0.0453125
0 0.353125 0.75625 0.0640625 0.121875
0 0.4 0.7234375 0.0609375 0.1546875
0 0.171875 0.5484375 0.053125 0.1515625
0 0.0765625 0.53125 0.153125 0.103125
0 0.14375 0.53515625 0.0625 0.0890625
0 0.046875 0.49921875 0.09375 0.0828125
0 0.84765625 0.56015625 0.265625 0.0875
0 0.9265625 0.4453125 0.146875 0.075