0 0.08828125 0.5953125 0.1765625 0.778125
0 0.04921875 0.42109375 0.0984375 0.6953125
0 0.1140625 0.51171875 0.2015625 0.6359375
0 0.14765625 0.509375 0.1609375 0.6375
0 0.203125 0.540625 0.2046875 0.828125
0 0.26953125 0.496875 0.1421875 0.6265625
0 0.3265625 0.56953125 0.1453125 0.5296875
0 0.36953125 0.6265625 0.209375 0.6296875
0 0.434375 0.63515625 0.1328125 0.49375
0 0.46328125 0.665625 0.2171875 0.66875
0 0.5625 0.52734375 0.1828125 0.90625
0 0.7609375 0.59921875 0.2078125 0.6671875
0 0.709375 0.46328125 0.1234375 0.434375
0 0.82265625 0.59140625 0.159375 0.6484375
0 0.875 0.55390625 0.1625 0.7328125
0 0.88984375 0.38203125 0.1703125 0.7640625
0 0.92890625 0.3875 0.1421875 0.775