1 0.5296875 0.534375 0.065625 0.140625
1 0.65 0.565625 0.1046875 0.1640625
1 0.4984375 0.6875 0.0625 0.1125
1 0.7828125 0.5625 0.078125 0.096875
1 0.96015625 0.53515625 0.0796875 0.1109375
1 0.921875 0.75 0.0546875 0.1375
1 0.82890625 0.740625 0.08125 0.08125
1 0.8796875 0.6328125 0.03125 0.084375
1 0.9296875 0.62890625 0.0484375 0.0671875
1 0.96953125 0.6125 0.03125 0.034375
1 0.74921875 0.72890625 0.0484375 0.0734375
1 0.63671875 0.77890625 0.0625 0.0875
1 0.58125 0.64921875 0.0421875 0.0703125
1 0.6078125 0.71015625 0.0390625 0.0453125
1 0.5796875 0.76953125 0.05 0.0671875
1 0.71015625 0.83203125 0.021875 0.034375
1 0.6921875 0.76328125 0.03125 0.0421875
1 0.5359375 0.784375 0.03125 0.053125
1 0.5203125 0.8140625 0.03125 0.053125
1 0.4875 0.80625 0.0359375 0.0375
1 0.32734375 0.7359375 0.05 0.078125
1 0.2421875 0.70703125 0.0703125 0.103125
1 0.31953125 0.6125 0.05625 0.0875
1 0.30234375 0.696875 0.0390625 0.0625
1 0.36171875 0.72421875 0.009375 0.025
1 0.3828125 0.740625 0.0296875 0.025
1 0.42109375 0.6765625 0.015625 0.03125
1 0.39296875 0.6921875 0.01875 0.034375
1 0.14609375 0.625 0.0546875 0.0625
1 0.04375 0.5671875 0.0375 0.04375
1 0.07578125 0.54921875 0.01875 0.084375
1 0.0515625 0.8390625 0.01875 0.028125
1 0.0109375 0.83515625 0.009375 0.01875
1 0.03125 0.8203125 0.0140625 0.040625
1 0.23828125 0.834375 0.03125 0.05625
1 0.459375 0.79296875 0.0296875 0.05625
1 0.40546875 0.81015625 0.0234375 0.05625
1 0.36953125 0.8125 0.025 0.0546875
1 0.14375 0.7828125 0.034375 0.03125
1 0.15703125 0.7421875 0.021875 0.0375
1 0.18203125 0.73671875 0.025 0.0375
1 0.18125 0.68984375 0.0359375 0.040625
1 0.19296875 0.81484375 0.034375 0.05
1 0.1640625 0.81015625 0.021875 0.034375
1 0.24609375 0.78671875 0.025 0.0390625
1 0.5046875 0.76328125 0.025 0.0328125