1 0.5359375 0.47265625 0.09375 0.15
1 0.66015625 0.4671875 0.1359375 0.1828125
1 0.5375 0.31640625 0.084375 0.121875
1 0.78984375 0.49765625 0.0953125 0.109375
1 0.953125 0.5609375 0.09375 0.125
1 0.96171875 0.3421875 0.0765625 0.146875
1 0.871875 0.3328125 0.0953125 0.096875
1 0.89921875 0.44921875 0.0484375 0.0890625
1 0.946875 0.46328125 0.0609375 0.0765625
1 0.98125 0.48671875 0.0375 0.0390625
1 0.79140625 0.328125 0.0625 0.08125
1 0.69140625 0.25546875 0.078125 0.0984375
1 0.61015625 0.37109375 0.05625 0.078125
1 0.64921875 0.3171875 0.046875 0.053125
1 0.634375 0.253125 0.0625 0.0765625
1 0.77421875 0.21875 0.0296875 0.0390625
1 0.74296875 0.2828125 0.0390625 0.046875
1 0.59453125 0.2296875 0.0421875 0.059375
1 0.58515625 0.196875 0.040625 0.0578125
1 0.5515625 0.19765625 0.0421875 0.04375
1 0.38046875 0.23359375 0.0640625 0.0859375
1 0.290625 0.24375 0.090625 0.115625
1 0.346875 0.35234375 0.071875 0.096875
1 0.34765625 0.26640625 0.0515625 0.06875
1 0.41171875 0.2515625 0.0140625 0.025
1 0.43515625 0.240625 0.034375 0.0296875
1 0.459375 0.3109375 0.021875 0.034375
1 0.43515625 0.28984375 0.0265625 0.0375
1 0.1796875 0.30390625 0.065625 0.071875
1 0.06796875 0.3390625 0.0453125 0.0515625
1 0.0953125 0.36328125 0.0375 0.0875
1 0.13203125 0.075 0.0234375 0.03125
1 0.09140625 0.0703125 0.0140625 0.021875
1 0.1078125 0.0890625 0.021875 0.0421875
1 0.31328125 0.11875 0.0421875 0.0609375
1 0.52109375 0.2046875 0.040625 0.0609375
1 0.471875 0.17734375 0.034375 0.059375
1 0.4375 0.1671875 0.0359375 0.059375
1 0.21015625 0.14921875 0.040625 0.0375
1 0.21484375 0.1921875 0.0296875 0.040625
1 0.23828125 0.20234375 0.03125 0.0421875
1 0.22734375 0.24765625 0.04375 0.0484375
1 0.26484375 0.128125 0.04375 0.05625
1 0.2359375 0.1265625 0.028125 0.0390625
1 0.3109375 0.16640625 0.0328125 0.04375
1 0.559375 0.24375 0.03125 0.0375