1 0.4890625 0.46953125 0.209375 0.171875
1 0.64140625 0.65234375 0.275 0.190625
1 0.3125 0.6015625 0.165625 0.1375
1 0.44765625 0.68359375 0.159375 0.1390625
1 0.81328125 0.53515625 0.090625 0.0953125
1 0.9453125 0.63671875 0.084375 0.0828125
1 0.140625 0.22578125 0.096875 0.0796875
1 0.05390625 0.32578125 0.065625 0.08125
1 0.0296875 0.4640625 0.059375 0.103125
1 0.20625 0.68984375 0.1140625 0.096875
1 0.83125 0.95859375 0.0609375 0.0625
1 0.73046875 0.92890625 0.0625 0.065625
1 0.884375 0.83515625 0.0671875 0.0671875
1 0.63359375 0.4890625 0.075 0.0828125