1 0.46015625 0.56328125 0.478125 0.296875
1 0.64609375 0.31953125 0.284375 0.1953125
1 0.84609375 0.96328125 0.221875 0.0734375
1 0.74140625 0.82890625 0.1984375 0.1609375
1 0.51640625 0.93203125 0.1890625 0.1359375
1 0.08984375 0.9078125 0.1796875 0.184375
1 0.159375 0.68515625 0.11875 0.10625
1 0.05390625 0.63203125 0.10625 0.09375
1 0.2109375 0.77734375 0.075 0.090625
1 0.08515625 0.77578125 0.0625 0.053125
1 0.0203125 0.74140625 0.040625 0.06875
1 0.28515625 0.92421875 0.18125 0.1515625
1 0.675 0.98046875 0.09375 0.0375