1 0.46015625 0.43671875 0.47890625 0.29609375
1 0.64609375 0.68046875 0.28359375 0.1953125
1 0.84609375 0.03671875 0.22265625 0.0734375
1 0.74140625 0.17109375 0.1984375 0.1609375
1 0.51640625 0.06796875 0.1890625 0.1359375
1 0.08984375 0.0921875 0.1796875 0.184375
1 0.159375 0.31484375 0.11953125 0.10625
1 0.05390625 0.36796875 0.10703125 0.09453125
1 0.2109375 0.22265625 0.075 0.08984375
1 0.08515625 0.22421875 0.06328125 0.05390625
1 0.0203125 0.25859375 0.040625 0.06796875
1 0.28515625 0.07578125 0.18203125 0.1515625
1 0.675 0.01953125 0.09296875 0.03828125