1 0.54921875 0.55625 0.51875 0.3671875
1 0.32734375 0.34453125 0.3109375 0.2375
1 0.2296875 0.97890625 0.23125 0.0421875
1 0.31328125 0.8625 0.221875 0.190625
1 0.55078125 0.9234375 0.2078125 0.153125
1 0.9328125 0.83828125 0.134375 0.2109375
1 0.865625 0.6296875 0.134375 0.1234375
1 0.95 0.5609375 0.1 0.109375
1 0.82890625 0.72890625 0.0875 0.1
1 0.953125 0.7078125 0.0703125 0.0625
1 0.99296875 0.66328125 0.0140625 0.0734375
1 0.77890625 0.88515625 0.203125 0.178125
1 0.40234375 0.9875 0.0984375 0.025