1 0.2375 0.84609375 0.153125 0.203125
1 0.44609375 0.84453125 0.253125 0.2140625
1 0.8453125 0.75625 0.0609375 0.115625
1 0.94296875 0.6953125 0.1140625 0.14375
1 0.94765625 0.5984375 0.1046875 0.084375
1 0.82578125 0.5890625 0.0953125 0.0890625
1 0.72890625 0.653125 0.0734375 0.0890625
1 0.5390625 0.58671875 0.0734375 0.0734375
1 0.41015625 0.553125 0.1265625 0.11875
1 0.61328125 0.7 0.14375 0.121875
1 0.59296875 0.76171875 0.08125 0.0734375
1 0.51875 0.80546875 0.0984375 0.0890625
1 0.446875 0.6953125 0.1203125 0.128125
1 0.3203125 0.70859375 0.128125 0.084375
1 0.32421875 0.63671875 0.090625 0.065625
1 0.15 0.61015625 0.08125 0.128125
1 0.06953125 0.4546875 0.1390625 0.2125
1 0.340625 0.53828125 0.0765625 0.14375
1 0.3109375 0.4234375 0.05625 0.0859375
1 0.359375 0.4046875 0.03125 0.046875
1 0.40234375 0.3890625 0.075 0.0640625
1 0.5359375 0.39140625 0.0578125 0.071875
1 0.70546875 0.3703125 0.1859375 0.159375
1 0.89296875 0.29453125 0.1 0.059375
1 0.8515625 0.4875 0.04375 0.0359375
1 0.784375 0.46875 0.0453125 0.0375
1 0.6046875 0.609375 0.1796875 0.1109375