1 0.6640625 0.653125 0.2828125 0.4671875
1 0.459375 0.596875 0.2265625 0.334375
1 0.325 0.665625 0.1515625 0.225
1 0.3671875 0.47109375 0.134375 0.1546875
1 0.275 0.4421875 0.1015625 0.1859375
1 0.2875 0.2109375 0.25 0.28125
1 0.49921875 0.1921875 0.1703125 0.2765625
1 0.60390625 0.1265625 0.0984375 0.1984375
1 0.871875 0.15390625 0.2 0.3078125
1 0.9421875 0.49609375 0.115625 0.2859375
1 0.84140625 0.5546875 0.0890625 0.1140625
1 0.82890625 0.69765625 0.078125 0.0953125
1 0.84375 0.825 0.1046875 0.1
1 0.43359375 0.2203125 0.0796875 0.1328125
1 0.40703125 0.34453125 0.11875 0.1203125
1 0.19140625 0.4828125 0.134375 0.1953125
1 0.04453125 0.5546875 0.0890625 0.1375
1 0.1296875 0.8828125 0.18125 0.234375
1 0.27890625 0.96328125 0.0390625 0.05625
1 0.27890625 0.85625 0.0640625 0.0703125
1 0.20625 0.80234375 0.0625 0.0875
1 0.2625 0.75859375 0.078125 0.121875
1 0.1796875 0.66328125 0.075 0.1015625
1 0.234375 0.60546875 0.059375 0.078125
1 0.4375 0.9625 0.1375 0.075
1 0.7109375 0.8984375 0.0765625 0.1046875
1 0.94375 0.87421875 0.1125 0.1359375
1 0.6640625 0.35625 0.0796875 0.0875
1 0.034375 0.128125 0.06875 0.125
1 0.765625 0.10546875 0.1171875 0.184375