1 0.45859375 0.59453125 0.228125 0.1671875
1 0.28125 0.55546875 0.1375 0.1265625
1 0.6515625 0.59765625 0.253125 0.184375
1 0.85859375 0.74140625 0.209375 0.190625
1 0.48046875 0.91171875 0.1140625 0.1046875
1 0.16171875 0.83671875 0.1171875 0.084375
1 0.40625 0.825 0.05625 0.0546875
1 0.49296875 0.81953125 0.128125 0.1078125
1 0.621875 0.8546875 0.09375 0.0796875
1 0.75546875 0.82421875 0.1015625 0.0828125
1 0.8421875 0.86640625 0.0625 0.05
1 0.92890625 0.884375 0.0734375 0.0703125
1 0.8328125 0.95078125 0.0546875 0.0421875
1 0.896875 0.99296875 0.065625 0.0140625
1 0.75859375 0.4421875 0.3296875 0.225
1 0.75 0.271875 0.1265625 0.090625
1 0.7640625 0.14609375 0.134375 0.134375
1 0.88203125 0.17890625 0.1 0.0875
1 0.4078125 0.296875 0.1015625 0.10625
1 0.63828125 0.134375 0.078125 0.0765625
1 0.0375 0.3609375 0.059375 0.08125
1 0.13828125 0.25 0.065625 0.075
1 0.2984375 0.43984375 0.1375 0.1265625
1 0.4828125 0.47578125 0.1875 0.165625
1 0.6265625 0.73203125 0.3796875 0.18125
1 0.38828125 0.7421875 0.09375 0.0921875
1 0.27421875 0.75234375 0.1703125 0.1765625
1 0.190625 0.93359375 0.1484375 0.0875
1 0.57421875 0.94375 0.1078125 0.1125
1 0.746875 0.975 0.271875 0.05
1 0.9328125 0.9671875 0.0453125 0.0421875
1 0.38671875 0.89453125 0.0875 0.06875
1 0.07890625 0.75390625 0.1578125 0.1484375
1 0.34296875 0.1484375 0.2875 0.1828125
1 0.6875 0.903125 0.0625 0.0734375