1 0.96875 0.2375 0.0359375 0.05
1 0.96015625 0.3375 0.0671875 0.0671875
1 0.79765625 0.340625 0.0890625 0.1421875
1 0.8421875 0.15234375 0.0453125 0.0640625
1 0.7765625 0.22734375 0.084375 0.1015625
1 0.69296875 0.25078125 0.065625 0.0984375
1 0.68203125 0.3796875 0.103125 0.1
1 0.5625 0.32578125 0.103125 0.1390625
1 0.5765625 0.44375 0.090625 0.096875
1 0.625 0.50546875 0.0609375 0.05625
1 0.546875 0.5625 0.1421875 0.1109375
1 0.9 0.4796875 0.084375 0.1125
1 0.95390625 0.55625 0.040625 0.071875
1 0.971875 0.64296875 0.053125 0.071875
1 0.7671875 0.92421875 0.1546875 0.11875
1 0.5375 0.85625 0.0609375 0.0765625
1 0.60390625 0.71953125 0.0609375 0.0796875
1 0.4953125 0.72421875 0.121875 0.134375
1 0.4484375 0.59453125 0.0328125 0.0546875
1 0.4953125 0.48671875 0.03125 0.053125
1 0.484375 0.43046875 0.0359375 0.0390625
1 0.5234375 0.41328125 0.0296875 0.034375
1 0.52421875 0.4578125 0.0421875 0.0421875
1 0.55546875 0.49765625 0.0234375 0.03125
1 0.57578125 0.64453125 0.04375 0.065625
1 0.4609375 0.49921875 0.04375 0.075
1 0.40390625 0.4640625 0.071875 0.090625
1 0.45546875 0.3984375 0.0484375 0.090625
1 0.484375 0.3 0.0546875 0.1015625
1 0.353125 0.46015625 0.0296875 0.040625
1 0.34453125 0.40859375 0.0140625 0.025
1 0.3109375 0.446875 0.05625 0.109375
1 0.28828125 0.3875 0.0421875 0.065625
1 0.26640625 0.4484375 0.028125 0.04375
1 0.2484375 0.40703125 0.021875 0.03125
1 0.2359375 0.47890625 0.0390625 0.0984375
1 0.18125 0.4546875 0.021875 0.034375
1 0.16015625 0.46484375 0.0203125 0.028125
1 0.15234375 0.50625 0.0359375 0.0578125
1 0.134375 0.6 0.0578125 0.053125
1 0.0484375 0.4484375 0.0609375 0.15
1 0.16640625 0.25078125 0.0734375 0.1328125
1 0.06015625 0.23203125 0.1203125 0.2140625
1 0.1453125 0.32578125 0.028125 0.0265625
1 0.1140625 0.265625 0.0171875 0.0375
1 0.21640625 0.296875 0.0234375 0.028125
1 0.23203125 0.35546875 0.03125 0.053125
1 0.36171875 0.25 0.109375 0.209375
1 0.31953125 0.10078125 0.0765625 0.0875
1 0.4453125 0.0984375 0.0390625 0.0625
1 0.409375 0.071875 0.0453125 0.05
1 0.5125 0.13125 0.0296875 0.034375
1 0.540625 0.2078125 0.0265625 0.05
1 0.5828125 0.20078125 0.0359375 0.0546875
1 0.62578125 0.2453125 0.0390625 0.0640625
1 0.75546875 0.1515625 0.0421875 0.0578125
1 0.83203125 0.50625 0.034375 0.059375
1 0.8140625 0.4203125 0.03125 0.065625
1 0.75703125 0.40390625 0.028125 0.028125
1 0.746875 0.44765625 0.0515625 0.0515625
1 0.58125 0.8515625 0.03125 0.0609375
1 0.3 0.875 0.084375 0.0984375
1 0.21171875 0.8859375 0.075 0.1078125
1 0.08984375 0.9171875 0.0671875 0.075
1 0.0421875 0.8921875 0.05 0.0921875
1 0.084375 0.7796875 0.0828125 0.1
1 0.16484375 0.70390625 0.0890625 0.0578125
1 0.19453125 0.77578125 0.071875 0.059375
1 0.2640625 0.76171875 0.0453125 0.059375
1 0.3796875 0.58828125 0.0359375 0.046875
1 0.38671875 0.65390625 0.046875 0.0640625
1 0.328125 0.70703125 0.071875 0.0984375
1 0.45234375 0.659375 0.0828125 0.0390625
1 0.0453125 0.61640625 0.0328125 0.0625
1 0.1 0.64609375 0.0421875 0.0578125
1 0.01875 0.56640625 0.028125 0.0453125
1 0.1078125 0.49765625 0.034375 0.05
1 0.09453125 0.41953125 0.046875 0.0890625
1 0.01171875 0.38515625 0.0234375 0.0953125
1 0.2328125 0.1296875 0.065625 0.0859375
1 0.0765625 0.08984375 0.06875 0.0484375
1 0.0921875 0.03359375 0.025 0.028125
1 0.31796875 0.0359375 0.0515625 0.0578125
1 0.70390625 0.6078125 0.0578125 0.059375
1 0.6265625 0.58671875 0.0359375 0.053125
1 0.83046875 0.68671875 0.059375 0.0625
1 0.7734375 0.728125 0.0375 0.065625
1 0.37578125 0.11328125 0.0453125 0.059375
1 0.36171875 0.05078125 0.0296875 0.0390625
1 0.28828125 0.18046875 0.0375 0.0484375