1 0.80234375 0.1890625 0.15 0.2015625
1 0.59609375 0.16484375 0.25 0.2109375
1 0.18828125 0.20390625 0.059375 0.1140625
1 0.07421875 0.25 0.1296875 0.1421875
1 0.0625 0.34609375 0.1125 0.0828125
1 0.1875 0.371875 0.09375 0.0875
1 0.29140625 0.3203125 0.071875 0.0875
1 0.471875 0.409375 0.0734375 0.071875
1 0.5953125 0.4578125 0.125 0.115625
1 0.41171875 0.2875 0.1421875 0.11875
1 0.43984375 0.22890625 0.08125 0.0734375
1 0.51875 0.19453125 0.096875 0.0875
1 0.5765625 0.3125 0.11875 0.1265625
1 0.70390625 0.31484375 0.1265625 0.0828125
1 0.69140625 0.3859375 0.0890625 0.0640625
1 0.8609375 0.43359375 0.0796875 0.1265625
1 0.9265625 0.5984375 0.146875 0.209375
1 0.66328125 0.48125 0.075 0.1421875
1 0.67890625 0.59921875 0.0546875 0.084375
1 0.628125 0.61171875 0.03125 0.046875
1 0.58359375 0.621875 0.0734375 0.0625
1 0.45078125 0.603125 0.05625 0.0703125
1 0.28046875 0.603125 0.184375 0.15625
1 0.08515625 0.65546875 0.0984375 0.0578125
1 0.14921875 0.46953125 0.04375 0.0359375
1 0.2140625 0.496875 0.04375 0.0375
1 0.409375 0.37890625 0.178125 0.1078125