1 0.51640625 0.5484375 0.2328125 0.265625
1 0.71171875 0.45625 0.159375 0.19375
1 0.80859375 0.62734375 0.109375 0.1546875
1 0.59140625 0.796875 0.0640625 0.09375
1 0.5796875 0.68984375 0.053125 0.084375
1 0.515625 0.8671875 0.103125 0.1640625
1 0.78359375 0.646875 0.14375 0.1828125
1 0.44765625 0.0671875 0.096875 0.1078125
1 0.4390625 0.2171875 0.0765625 0.0953125
1 0.39921875 0.2703125 0.0578125 0.0859375
1 0.309375 0.12109375 0.078125 0.078125
1 0.09765625 0.178125 0.090625 0.1125
1 0.26796875 0.0890625 0.0671875 0.08125
1 0.184375 0.03984375 0.065625 0.0796875
1 0.121875 0.0546875 0.090625 0.109375
1 0.74765625 0.140625 0.05 0.065625
1 0.6046875 0.346875 0.0703125 0.10625
1 0.5671875 0.28359375 0.065625 0.1
1 0.509375 0.20078125 0.0875 0.140625
1 0.4390625 0.1359375 0.1421875 0.2484375
1 0.2015625 0.1203125 0.0796875 0.0921875
1 0.25546875 0.2109375 0.0453125 0.05625
1 0.34921875 0.35859375 0.040625 0.0546875
1 0.16953125 0.64375 0.1265625 0.19375
1 0.1015625 0.559375 0.1 0.1078125
1 0.26953125 0.55 0.0859375 0.11875
1 0.4546875 0.3875 0.0859375 0.15
1 0.84375 0.35859375 0.0359375 0.05625
1 0.84609375 0.27578125 0.034375 0.0453125
1 0.87578125 0.26875 0.028125 0.03125
1 0.70078125 0.284375 0.05 0.071875
1 0.7875 0.2953125 0.0484375 0.0671875
1 0.8875 0.35 0.0421875 0.0734375
1 0.98828125 0.51171875 0.0234375 0.0703125
1 0.9453125 0.40546875 0.0546875 0.103125
1 0.9171875 0.36015625 0.0453125 0.0828125
1 0.975 0.33984375 0.046875 0.0484375
1 0.80703125 0.41171875 0.0265625 0.0375
1 0.7890625 0.5109375 0.0296875 0.05
1 0.88203125 0.6171875 0.059375 0.090625
1 0.92421875 0.703125 0.06875 0.096875
1 0.63125 0.54375 0.0578125 0.0796875
1 0.38515625 0.39140625 0.075 0.10625
1 0.45703125 0.38984375 0.075 0.1140625
1 0.515625 0.39296875 0.04375 0.0625