1 0.9734375 0.75390625 0.0359375 0.0484375
1 0.9625 0.6546875 0.065625 0.065625
1 0.8 0.6546875 0.0875 0.140625
1 0.8484375 0.84140625 0.04375 0.0625
1 0.78125 0.76796875 0.0828125 0.1
1 0.696875 0.74609375 0.0640625 0.096875
1 0.684375 0.6171875 0.1015625 0.0984375
1 0.565625 0.67265625 0.1 0.1375
1 0.578125 0.55546875 0.0890625 0.0953125
1 0.62421875 0.49296875 0.059375 0.05625
1 0.54609375 0.43671875 0.140625 0.109375
1 0.90078125 0.51328125 0.0828125 0.1109375
1 0.95234375 0.4359375 0.0390625 0.0703125
1 0.96953125 0.34921875 0.053125 0.0703125
1 0.759375 0.07109375 0.153125 0.1171875
1 0.53125 0.14296875 0.059375 0.0765625
1 0.6 0.278125 0.059375 0.0796875
1 0.49140625 0.27578125 0.1203125 0.1328125
1 0.446875 0.40703125 0.03125 0.0546875
1 0.4953125 0.51328125 0.03125 0.053125
1 0.4859375 0.56953125 0.0359375 0.0390625
1 0.525 0.5859375 0.0296875 0.034375
1 0.525 0.54140625 0.040625 0.040625
1 0.55546875 0.50078125 0.0234375 0.0296875
1 0.5734375 0.35390625 0.0421875 0.065625
1 0.4609375 0.5015625 0.0421875 0.0734375
1 0.4046875 0.5375 0.0703125 0.0890625
1 0.45703125 0.60234375 0.046875 0.090625
1 0.4875 0.70078125 0.053125 0.1015625
1 0.35390625 0.54296875 0.028125 0.040625
1 0.34609375 0.59375 0.0140625 0.025
1 0.31171875 0.55703125 0.053125 0.1078125
1 0.290625 0.61640625 0.040625 0.0640625
1 0.2671875 0.55625 0.0265625 0.04375
1 0.25 0.59765625 0.0203125 0.03125
1 0.23671875 0.52578125 0.0375 0.096875
1 0.18203125 0.55078125 0.021875 0.034375
1 0.1609375 0.54140625 0.0203125 0.028125
1 0.15234375 0.49921875 0.034375 0.05625
1 0.1328125 0.40703125 0.05625 0.053125
1 0.04921875 0.559375 0.059375 0.15
1 0.1703125 0.7546875 0.0703125 0.13125
1 0.06171875 0.775 0.1234375 0.2125
1 0.1484375 0.6796875 0.028125 0.0265625
1 0.11796875 0.740625 0.015625 0.0375
1 0.21953125 0.70859375 0.0234375 0.028125
1 0.234375 0.64921875 0.0296875 0.053125
1 0.36640625 0.75234375 0.10625 0.2078125
1 0.3265625 0.90234375 0.075 0.0859375
1 0.45234375 0.90234375 0.0375 0.0609375
1 0.4171875 0.9296875 0.0453125 0.0484375
1 0.51953125 0.86796875 0.0296875 0.034375
1 0.54609375 0.79140625 0.0265625 0.05
1 0.58828125 0.79765625 0.0359375 0.053125
1 0.63046875 0.75234375 0.0375 0.0625
1 0.76171875 0.84375 0.0421875 0.05625
1 0.83203125 0.48828125 0.0328125 0.059375
1 0.815625 0.57421875 0.0296875 0.065625
1 0.75859375 0.5921875 0.028125 0.028125
1 0.74765625 0.54765625 0.05 0.0515625
1 0.575 0.146875 0.03125 0.0609375
1 0.29296875 0.128125 0.0828125 0.096875
1 0.20546875 0.11953125 0.0734375 0.1078125
1 0.0828125 0.08984375 0.065625 0.0734375
1 0.0359375 0.115625 0.0484375 0.090625
1 0.0796875 0.22734375 0.08125 0.0984375
1 0.16171875 0.30234375 0.0875 0.05625
1 0.18984375 0.2296875 0.071875 0.059375
1 0.259375 0.2421875 0.0453125 0.059375
1 0.378125 0.41328125 0.0359375 0.046875
1 0.384375 0.3484375 0.0453125 0.0625
1 0.32421875 0.29609375 0.0703125 0.096875
1 0.44921875 0.34140625 0.0828125 0.0375
1 0.04296875 0.3921875 0.03125 0.0625
1 0.09765625 0.3609375 0.0421875 0.0578125
1 0.0171875 0.44140625 0.0265625 0.0453125
1 0.1078125 0.50859375 0.0328125 0.05
1 0.09609375 0.5875 0.0453125 0.0890625
1 0.0125 0.62265625 0.025 0.0953125
1 0.2390625 0.875 0.0640625 0.0859375
1 0.08359375 0.91796875 0.0671875 0.046875
1 0.10078125 0.9734375 0.025 0.028125
1 0.32578125 0.9671875 0.05 0.05625
1 0.7015625 0.3890625 0.05625 0.059375
1 0.625 0.41171875 0.034375 0.0515625
1 0.82734375 0.30703125 0.059375 0.0609375
1 0.76953125 0.2671875 0.0359375 0.065625
1 0.3828125 0.8890625 0.04375 0.0578125
1 0.36953125 0.9515625 0.028125 0.0390625
1 0.29375 0.8234375 0.0359375 0.0484375