1 0.42421875 0.934375 0.1671875 0.13125
1 0.62578125 0.9609375 0.1359375 0.078125
1 0.70234375 0.63125 0.20625 0.1765625
1 0.5359375 0.5484375 0.125 0.13125
1 0.4875 0.4078125 0.134375 0.121875
1 0.340625 0.3796875 0.0734375 0.0609375
1 0.23828125 0.27578125 0.134375 0.10625
1 0.12109375 0.1859375 0.0734375 0.0671875
1 0.065625 0.240625 0.065625 0.0765625
1 0.13984375 0.2640625 0.0625 0.0546875
1 0.45 0.21484375 0.11875 0.1
1 0.778125 0.3546875 0.075 0.0625
1 0.675 0.26640625 0.0765625 0.06875
1 0.81796875 0.11953125 0.0578125 0.05625
1 0.8890625 0.16640625 0.034375 0.034375
1 0.25234375 0.0203125 0.0390625 0.0375