1 0.52578125 0.45625 0.1890625 0.23125
1 0.69765625 0.58671875 0.1265625 0.171875
1 0.828125 0.43984375 0.08125 0.140625
1 0.65078125 0.22890625 0.046875 0.0859375
1 0.6171875 0.33046875 0.0375 0.078125
1 0.59140625 0.14375 0.0734375 0.1515625
1 0.8078125 0.415625 0.1125 0.1625
1 0.35859375 0.9125 0.078125 0.09375
1 0.38125 0.7640625 0.059375 0.084375
1 0.35390625 0.70390625 0.04375 0.078125
1 0.234375 0.83125 0.065625 0.065625
1 0.03984375 0.73125 0.071875 0.1
1 0.1875 0.85390625 0.053125 0.071875
1 0.0953125 0.890625 0.0484375 0.0859375
1 0.0359375 0.865625 0.06875 0.115625
1 0.6671875 0.903125 0.0390625 0.059375
1 0.5703125 0.67109375 0.05 0.0984375
1 0.5203125 0.72578125 0.046875 0.0921875
1 0.446875 0.79453125 0.0625 0.13125
1 0.36484375 0.84375 0.0953125 0.234375
1 0.12890625 0.809375 0.0640625 0.08125
1 0.20078125 0.73203125 0.034375 0.05
1 0.3234375 0.60703125 0.03125 0.05
1 0.20703125 0.290625 0.090625 0.178125
1 0.12265625 0.359375 0.0828125 0.09375
1 0.28515625 0.403125 0.065625 0.10625
1 0.43203125 0.60078125 0.05625 0.140625
1 0.80703125 0.71015625 0.025 0.0515625
1 0.7921875 0.79140625 0.0265625 0.040625
1 0.81953125 0.8046875 0.0234375 0.0265625
1 0.6515625 0.75234375 0.0375 0.065625
1 0.73828125 0.76015625 0.0375 0.059375
1 0.84765625 0.72734375 0.028125 0.06875
1 0.98828125 0.590625 0.0234375 0.0671875
1 0.915625 0.68515625 0.034375 0.0984375
1 0.87890625 0.7234375 0.028125 0.078125
1 0.93125 0.75546875 0.0390625 0.040625
1 0.78203125 0.65 0.01875 0.034375
1 0.78515625 0.54921875 0.0203125 0.046875
1 0.8984375 0.46484375 0.04375 0.084375
1 0.95703125 0.38984375 0.0515625 0.0875
1 0.6375 0.484375 0.04375 0.071875
1 0.36484375 0.58203125 0.05625 0.096875
1 0.43515625 0.5984375 0.053125 0.1046875
1 0.49296875 0.6078125 0.0328125 0.05625