1 0.4828125 0.3984375 0.2328125 0.1734375
1 0.3015625 0.39296875 0.140625 0.13125
1 0.6703125 0.4421875 0.2578125 0.1921875
1 0.89921875 0.353125 0.2015625 0.196875
1 0.58046875 0.0953125 0.1171875 0.1078125
1 0.253125 0.09140625 0.11875 0.0875
1 0.4875 0.1625 0.0578125 0.05625
1 0.5703125 0.18828125 0.13125 0.1109375
1 0.7046875 0.18515625 0.0953125 0.0828125
1 0.8265625 0.246875 0.103125 0.0859375
1 0.92109375 0.22734375 0.0640625 0.0515625
1 0.98515625 0.2296875 0.0296875 0.071875
1 0.93203125 0.14375 0.0546875 0.04375
1 0.9875 0.103125 0.025 0.04375
1 0.73671875 0.61875 0.3359375 0.234375
1 0.6875 0.78203125 0.1296875 0.0953125
1 0.67109375 0.90703125 0.1390625 0.1390625
1 0.79296875 0.90390625 0.103125 0.090625
1 0.3609375 0.67421875 0.1046875 0.109375
1 0.5453125 0.88828125 0.08125 0.078125
1 0.02421875 0.52265625 0.0484375 0.0828125
1 0.08828125 0.65546875 0.06875 0.0765625
1 0.28984375 0.51015625 0.140625 0.1296875
1 0.47734375 0.51953125 0.1921875 0.1703125
1 0.67890625 0.30546875 0.384375 0.19375
1 0.45 0.23828125 0.0953125 0.0953125
1 0.34140625 0.20078125 0.175 0.18125
1 0.30390625 0.025 0.1515625 0.05
1 0.68125 0.0796875 0.1109375 0.1296875
1 0.8609375 0.078125 0.2734375 0.1
1 0.4859375 0.08984375 0.0890625 0.071875
1 0.1359375 0.14765625 0.196875 0.153125
1 0.2625 0.803125 0.2921875 0.190625
1 0.7796875 0.1546875 0.0640625 0.075