1 0.5453125 0.403125 0.36875 0.778125
1 0.91953125 0.578125 0.1359375 0.2125
1 0.79296875 0.5046875 0.121875 0.178125
1 0.66171875 0.8984375 0.1421875 0.203125
1 0.55546875 0.8828125 0.096875 0.103125
1 0.2671875 0.7515625 0.16875 0.2328125
1 0.41015625 0.88125 0.121875 0.2359375
1 0.14296875 0.28828125 0.2828125 0.3546875
1 0.18203125 0.0484375 0.1859375 0.096875
1 0.03125 0.7171875 0.0625 0.225
1 0.790625 0.3203125 0.1046875 0.1171875
1 0.7859375 0.10625 0.1 0.13125
1 0.9046875 0.10703125 0.0859375 0.078125