1 0.52578125 0.54375 0.1890625 0.23203125
1 0.69765625 0.41328125 0.1265625 0.171875
1 0.828125 0.56015625 0.08203125 0.14140625
1 0.65078125 0.77109375 0.046875 0.0859375
1 0.6171875 0.66953125 0.03828125 0.078125
1 0.59140625 0.85625 0.0734375 0.1515625
1 0.8078125 0.584375 0.1125 0.1625
1 0.35859375 0.0875 0.07890625 0.09375
1 0.38125 0.2359375 0.059375 0.08515625
1 0.35390625 0.29609375 0.04296875 0.078125
1 0.234375 0.16875 0.065625 0.065625
1 0.03984375 0.26875 0.071875 0.09921875
1 0.1875 0.14609375 0.053125 0.07109375
1 0.0953125 0.109375 0.0484375 0.0859375
1 0.0359375 0.134375 0.06796875 0.11640625
1 0.6671875 0.096875 0.0390625 0.059375
1 0.5703125 0.32890625 0.05078125 0.0984375
1 0.5203125 0.27421875 0.046875 0.0921875
1 0.446875 0.20546875 0.06171875 0.13125
1 0.36484375 0.15625 0.0953125 0.234375
1 0.12890625 0.190625 0.0640625 0.08046875
1 0.20078125 0.26796875 0.03515625 0.05
1 0.3234375 0.39296875 0.03046875 0.04921875
1 0.20703125 0.709375 0.09140625 0.17890625
1 0.12265625 0.640625 0.0828125 0.09296875
1 0.28515625 0.596875 0.065625 0.10703125
1 0.43203125 0.39921875 0.05703125 0.14140625
1 0.80703125 0.28984375 0.025 0.0515625
1 0.7921875 0.20859375 0.0265625 0.040625
1 0.81953125 0.1953125 0.0234375 0.0265625
1 0.6515625 0.24765625 0.0375 0.06484375
1 0.73828125 0.23984375 0.03671875 0.06015625
1 0.84765625 0.27265625 0.028125 0.06875
1 0.98828125 0.409375 0.0234375 0.0671875
1 0.915625 0.31484375 0.034375 0.0984375
1 0.87890625 0.2765625 0.02890625 0.07890625
1 0.93125 0.24453125 0.0390625 0.040625
1 0.78203125 0.35 0.01953125 0.034375
1 0.78515625 0.45078125 0.0203125 0.04609375
1 0.8984375 0.53515625 0.04296875 0.08359375
1 0.95703125 0.61015625 0.0515625 0.0875
1 0.6375 0.515625 0.04375 0.071875
1 0.36484375 0.41796875 0.05703125 0.09609375
1 0.43515625 0.4015625 0.05390625 0.1046875
1 0.49296875 0.3921875 0.0328125 0.05703125