1 0.52265625 0.5234375 0.2078125 0.16875
1 0.3078125 0.421875 0.2734375 0.1875
1 0.62734375 0.328125 0.1640625 0.1359375
1 0.46953125 0.31171875 0.1578125 0.1375
1 0.20078125 0.6 0.090625 0.09375
1 0.03984375 0.5640625 0.0796875 0.08125
1 0.94140625 0.596875 0.096875 0.078125
1 0.97265625 0.46875 0.0546875 0.08125
1 0.94765625 0.33046875 0.071875 0.1015625
1 0.6859375 0.20390625 0.1125 0.096875
1 0.01796875 0.22421875 0.0359375 0.0609375
1 0.109375 0.20859375 0.0625 0.0640625
1 0.02109375 0.35859375 0.0421875 0.0671875
1 0.3828125 0.56640625 0.075 0.0828125