1 0.565625 0.5828125 0.53125 0.834375
1 0.89140625 0.32890625 0.1796875 0.2359375
1 0.784375 0.4296875 0.1578125 0.2
1 0.56796875 0.09453125 0.1828125 0.1890625
1 0.46796875 0.1140625 0.1171875 0.121875
1 0.2171875 0.30703125 0.2140625 0.2625
1 0.32734375 0.1484375 0.1703125 0.2546875
1 0.19921875 0.78671875 0.353125 0.40625
1 0.2921875 0.97109375 0.203125 0.0578125
1 0.025 0.39296875 0.05 0.2328125
1 0.8234375 0.609375 0.1265625 0.1375
1 0.8671875 0.81875 0.1265625 0.1484375
1 0.965625 0.79140625 0.06875 0.0953125