1 0.26484375 0.46171875 0.034375 0.0421875
1 0.21953125 0.4609375 0.0484375 0.04375
1 0.52734375 0.38515625 0.0328125 0.0328125
1 0.77890625 0.44296875 0.0328125 0.053125
1 0.66953125 0.4828125 0.05625 0.059375
1 0.2421875 0.65703125 0.03125 0.0328125
1 0.20546875 0.64375 0.0421875 0.0375
1 0.271875 0.63046875 0.0484375 0.046875
1 0.24921875 0.57109375 0.0265625 0.028125
1 0.29296875 0.4390625 0.0328125 0.040625
1 0.33203125 0.4078125 0.0390625 0.0359375
1 0.1390625 0.42578125 0.0296875 0.0265625
1 0.6328125 0.63125 0.0703125 0.0671875
1 0.203125 0.4203125 0.071875 0.05