1 0.58984375 0.06796875 0.1703125 0.1359375
1 0.38984375 0.03671875 0.1390625 0.0734375
1 0.30234375 0.36171875 0.209375 0.1828125
1 0.465625 0.45078125 0.128125 0.134375
1 0.509375 0.5921875 0.1375 0.125
1 0.65546875 0.62578125 0.0734375 0.0625
1 0.75390625 0.7328125 0.1375 0.1109375
1 0.8671875 0.82734375 0.075 0.06875
1 0.925 0.77421875 0.0671875 0.078125
1 0.8515625 0.74765625 0.0640625 0.05625
1 0.53984375 0.78671875 0.1203125 0.103125
1 0.2171875 0.6359375 0.0765625 0.065625
1 0.31640625 0.72734375 0.078125 0.071875
1 0.16953125 0.86875 0.059375 0.0578125
1 0.1 0.81953125 0.0359375 0.0359375
1 0.73046875 0.984375 0.0390625 0.03125