1 0.27265625 0.5703125 0.0296875 0.0390625
1 0.228125 0.57734375 0.04375 0.0390625
1 0.54296875 0.61015625 0.0296875 0.0296875
1 0.78359375 0.51796875 0.028125 0.0515625
1 0.6703125 0.49296875 0.0515625 0.0546875
1 0.22265625 0.38046875 0.028125 0.03125
1 0.18828125 0.3984375 0.0390625 0.0328125
1 0.25625 0.40234375 0.04375 0.0421875
1 0.24140625 0.46484375 0.0234375 0.0265625
1 0.30390625 0.5890625 0.0296875 0.0375
1 0.346875 0.6140625 0.0359375 0.0328125
1 0.153125 0.62421875 0.0265625 0.025
1 0.61328125 0.3515625 0.065625 0.0609375
1 0.2171875 0.6203125 0.0671875 0.04375