2 0.4078125 0.2875 0.1328125 0.1125
2 0.6390625 0.18984375 0.1421875 0.1203125
2 0.5296875 0.5 0.1203125 0.1046875
2 0.16015625 0.56953125 0.165625 0.134375
2 0.25 0.72265625 0.1375 0.1109375
2 0.771875 0.30703125 0.121875 0.1015625
2 0.74375 0.4390625 0.1328125 0.1125
2 0.25625 0.34609375 0.1125 0.1015625
2 0.78046875 0.63125 0.1171875 0.0984375
2 0.0875 0.653125 0.1484375 0.121875
2 0.4875 0.75546875 0.1375 0.11875
2 0.79296875 0.82421875 0.1171875 0.10625
2 0.61796875 0.6765625 0.1328125 0.1140625
2 0.4828125 0.65078125 0.1484375 0.1234375
2 0.5 0.4890625 1 0.978125