2 0.33515625 0.33828125 0.1328125 0.1125
2 0.5125 0.16015625 0.1421875 0.1203125
2 0.52734375 0.4890625 0.1203125 0.1046875
2 0.2109375 0.69140625 0.165625 0.134375
2 0.3515625 0.8 0.1375 0.1109375
2 0.6796875 0.21953125 0.121875 0.1015625
2 0.703125 0.35234375 0.1328125 0.1125
2 0.21640625 0.4484375 0.1125 0.1015625
2 0.80859375 0.51640625 0.1171875 0.0984375
2 0.175 0.79609375 0.1484375 0.121875
2 0.584375 0.74140625 0.1375 0.11875
2 0.89296875 0.69140625 0.1171875 0.10625
2 0.675 0.61953125 0.1328125 0.1140625
2 0.540625 0.646875 0.1484375 0.1234375
2 0.5 0.4890625 1 0.978125