1 0.259375 0.31875 0.1078125 0.1640625
1 0.38515625 0.4359375 0.103125 0.184375
1 0.340625 0.2828125 0.090625 0.13125
1 0.58203125 0.37109375 0.1640625 0.159375
1 0.6234375 0.5484375 0.1640625 0.1953125
1 0.475 0.65078125 0.1234375 0.153125
1 0.3546875 0.61328125 0.109375 0.125
1 0.259375 0.74296875 0.046875 0.0625
1 0.54140625 0.82109375 0.053125 0.084375
1 0.69921875 0.84140625 0.128125 0.1828125
1 0.76953125 0.696875 0.14375 0.1703125
1 0.44921875 0.51484375 0.0515625 0.071875
1 0.29375 0.40390625 0.0484375 0.06875
1 0.34375 0.521875 0.09375 0.0953125