1 0.24765625 0.3359375 0.0984375 0.1578125
1 0.38125 0.44453125 0.0921875 0.1796875
1 0.32578125 0.29453125 0.0828125 0.1265625
1 0.57265625 0.365625 0.15625 0.15
1 0.6265625 0.53984375 0.153125 0.1859375
1 0.4859375 0.6515625 0.115625 0.1453125
1 0.3625 0.6234375 0.103125 0.11875
1 0.2765625 0.75859375 0.0421875 0.0609375
1 0.5640625 0.8171875 0.0484375 0.08125
1 0.721875 0.8265625 0.1171875 0.1765625
1 0.7828125 0.67734375 0.134375 0.1625
1 0.45078125 0.51875 0.0484375 0.06875
1 0.2875 0.41875 0.04375 0.065625
1 0.34609375 0.5328125 0.0875 0.0890625