0 0.26953125 0.56640625 0.2234375 0.0578125
0 0.23515625 0.471875 0.2921875 0.078125
0 0.25859375 0.36953125 0.2875 0.0703125
0 0.471875 0.4609375 0.0953125 0.0765625
0 0.48125 0.459375 0.071875 0.0734375
0 0.37578125 0.31484375 0.2484375 0.14375
0 0.39609375 0.33984375 0.209375 0.1
0 0.46796875 0.434375 0.2265625 0.096875
0 0.39453125 0.278125 0.3546875 0.1890625
0 0.446875 0.27421875 0.1296875 0.05
0 0.57734375 0.31953125 0.23125 0.2421875
0 0.64765625 0.33515625 0.1328125 0.228125
0 0.68359375 0.37578125 0.1234375 0.115625
0 0.65546875 0.03515625 0.0796875 0.0546875
0 0.66796875 0.05859375 0.0578125 0.0390625
0 0.81796875 0.93359375 0.034375 0.040625
0 0.93984375 0.8015625 0.1015625 0.0390625
0 0.93515625 0.7609375 0.034375 0.0421875
0 0.96953125 0.7453125 0.028125 0.0234375
0 0.68515625 0.5140625 0.125 0.109375
0 0.6421875 0.59453125 0.021875 0.0390625