0 0.76328125 0.23515625 0.2421875 0.3109375
0 0.79140625 0.34375 0.24375 0.353125
0 0.20078125 0.42265625 0.1921875 0.3828125
0 0.30859375 0.36796875 0.2453125 0.403125
0 0.471875 0.3078125 0.246875 0.3609375
0 0.64296875 0.31640625 0.203125 0.3171875
0 0.72578125 0.33046875 0.3265625 0.51875
0 0.23515625 0.6734375 0.071875 0.2640625
0 0.05234375 0.39765625 0.0640625 0.1640625
0 0.90703125 0.58828125 0.1859375 0.2640625
0 0.603125 0.43984375 0.1859375 0.2171875
0 0.4984375 0.5125 0.0359375 0.115625
0 0.41796875 0.2390625 0.1359375 0.478125