0 0.52578125 0.37421875 0.1703125 0.046875
0 0.67265625 0.396875 0.0890625 0.021875
0 0.77421875 0.6265625 0.1078125 0.115625
0 0.11484375 0.2046875 0.0421875 0.2421875
0 0.4203125 0.3125 0.065625 0.0359375
0 0.45703125 0.30078125 0.0765625 0.0921875
0 0.56640625 0.27265625 0.1140625 0.0640625
0 0.46640625 0.40703125 0.090625 0.053125
0 0.5015625 0.42109375 0.275 0.1203125
0 0.44453125 0.359375 0.04375 0.0796875
0 0.671875 0.4375 0.1296875 0.0609375
0 0.6125 0.54609375 0.2625 0.0734375
0 0.62734375 0.6046875 0.04375 0.0859375
0 0.67578125 0.5671875 0.1234375 0.0234375
0 0.375 0.22890625 0.040625 0.121875
0 0.14453125 0.10703125 0.2140625 0.2140625
0 0.225 0.34296875 0.10625 0.2
0 0.80703125 0.70625 0.1921875 0.0625
0 0.7828125 0.7203125 0.1390625 0.05625
0 0.78359375 0.73828125 0.0734375 0.0515625
0 0.65703125 0.49453125 0.1109375 0.05
0 0.21171875 0.4140625 0.059375 0.059375
0 0.11171875 0.46796875 0.0734375 0.059375
0 0.10390625 0.4625 0.05 0.0546875
0 0.0890625 0.42109375 0.0296875 0.05
0 0.60859375 0.72109375 0.078125 0.0890625
0 0.903125 0.8921875 0.125 0.1125