0 0.45078125 0.58984375 0.9015625 0.8203125
0 0.7734375 0.36328125 0.453125 0.3578125
0 0.89296875 0.26171875 0.2140625 0.5234375
0 0.66953125 0.52890625 0.6609375 0.9109375
0 0.3703125 0.46796875 0.53125 0.5125
0 0.18828125 0.59765625 0.3 0.328125
0 0.16875 0.1390625 0.271875 0.1734375
0 0.24609375 0.1 0.11875 0.18125
0 0.15625 0.20703125 0.26875 0.1828125
0 0.1765625 0.25078125 0.25 0.1625
0 0.040625 0.45546875 0.08125 0.1984375
0 0.4421875 0.28984375 0.2390625 0.5078125
0 0.85390625 0.178125 0.1015625 0.2375