0 0.48515625 0.35546875 0.6390625 0.4421875
0 0.7609375 0.415625 0.234375 0.26875
0 0.2703125 0.59609375 0.540625 0.3109375
0 0.39453125 0.73515625 0.5671875 0.359375
0 0.45625 0.79765625 0.4171875 0.2859375
0 0.2046875 0.4671875 0.2484375 0.265625
0 0.60703125 0.46171875 0.1140625 0.1515625
0 0.6 0.46640625 0.134375 0.2375
0 0.50859375 0.40859375 0.0875 0.2078125
0 0.46640625 0.61328125 0.259375 0.2671875
0 0.37265625 0.46640625 0.1109375 0.2140625
0 0.66484375 0.74296875 0.353125 0.4765625
0 0.72265625 0.8328125 0.203125 0.184375