0 0.44296875 0.590625 0.8859375 0.81875
0 0.78046875 0.38828125 0.4390625 0.3515625
0 0.90546875 0.284375 0.1890625 0.546875
0 0.66875 0.54375 0.6484375 0.9
0 0.3734375 0.45625 0.5234375 0.5046875
0 0.18125 0.5703125 0.2953125 0.3234375
0 0.2015625 0.1109375 0.26875 0.16875
0 0.28125 0.084375 0.115625 0.16875
0 0.1828125 0.178125 0.265625 0.178125
0 0.19921875 0.2234375 0.2484375 0.1578125
0 0.0421875 0.41484375 0.084375 0.1984375
0 0.4609375 0.28515625 0.23125 0.5046875
0 0.88046875 0.21015625 0.096875 0.2359375