0 0.51640625 0.37265625 0.171875 0.053125
0 0.665625 0.38515625 0.090625 0.025
0 0.7828125 0.60703125 0.1109375 0.11875
0 0.09453125 0.2328125 0.0515625 0.24375
0 0.4078125 0.31875 0.0671875 0.0375
0 0.44375 0.30390625 0.078125 0.0953125
0 0.55078125 0.26875 0.115625 0.06875
0 0.46015625 0.41015625 0.0921875 0.05625
0 0.49609375 0.42109375 0.278125 0.1296875
0 0.43515625 0.36328125 0.046875 0.08125
0 0.6671875 0.42578125 0.13125 0.065625
0 0.615625 0.5375 0.265625 0.0828125
0 0.634375 0.5953125 0.046875 0.0875
0 0.6796875 0.5546875 0.1234375 0.028125
0 0.35625 0.23828125 0.0453125 0.1234375
0 0.11875 0.13203125 0.2203125 0.225
0 0.21484375 0.3625 0.1125 0.203125
0 0.82109375 0.684375 0.19375 0.06875
0 0.79765625 0.7 0.140625 0.0609375
0 0.79921875 0.71796875 0.075 0.053125
0 0.65625 0.4828125 0.1125 0.0546875
0 0.20625 0.434375 0.0609375 0.0609375
0 0.11015625 0.4953125 0.075 0.0609375
0 0.10234375 0.490625 0.0515625 0.05625
0 0.084375 0.45 0.03125 0.0515625
0 0.62421875 0.71328125 0.08125 0.0921875
0 0.9296875 0.86328125 0.128125 0.1171875