0 0.7390625 0.21328125 0.2171875 0.29296875
0 0.7765625 0.31875 0.21484375 0.33515625
0 0.1953125 0.44921875 0.1609375 0.36953125
0 0.29765625 0.38515625 0.21171875 0.38671875
0 0.45546875 0.3109375 0.2171875 0.34296875
0 0.6265625 0.3046875 0.178125 0.303125
0 0.71015625 0.31171875 0.28515625 0.4953125
0 0.2515625 0.69609375 0.05 0.26015625
0 0.0453125 0.43671875 0.05 0.1609375
0 0.915625 0.553125 0.16875 0.25
0 0.59765625 0.43125 0.16875 0.20390625
0 0.49921875 0.5125 0.0265625 0.11328125
0 0.39609375 0.2421875 0.09453125 0.48203125