0 0.878125 0.7484375 0.24375 0.415625
0 0.12734375 0.5375 0.2546875 0.715625
0 0.15625 0.67890625 0.290625 0.309375
0 0.1609375 0.4890625 0.1375 0.4484375
0 0.2171875 0.31953125 0.1859375 0.559375
0 0.16953125 0.2078125 0.2484375 0.3328125
0 0.53046875 0.359375 0.2296875 0.6125
0 0.46171875 0.4484375 0.159375 0.475
0 0.4140625 0.76015625 0.15625 0.4796875
0 0.8203125 0.50234375 0.2578125 0.3671875
0 0.71796875 0.51796875 0.115625 0.271875
0 0.67421875 0.646875 0.3046875 0.678125
0 0.6359375 0.584375 0.20625 0.4171875
0 0.57890625 0.634375 0.2984375 0.7296875
0 0.55859375 0.2796875 0.14375 0.41875
0 0.3359375 0.31640625 0.115625 0.4953125