0 0.34140625 0.23515625 0.2484375 0.4703125
0 0.14296875 0.42734375 0.2859375 0.5234375
0 0.19765625 0.828125 0.159375 0.2828125
0 0.31796875 0.39921875 0.278125 0.609375
0 0.39375 0.7375 0.284375 0.525
0 0.3546875 0.80703125 0.159375 0.36875
0 0.740625 0.69375 0.1453125 0.54375
0 0.7140625 0.21796875 0.0984375 0.415625
0 0.6484375 0.2125 0.1515625 0.284375
0 0.57109375 0.25390625 0.178125 0.4640625
0 0.38125 0.28671875 0.2296875 0.5546875
0 0.50859375 0.64375 0.3828125 0.6375
0 0.81484375 0.14375 0.1625 0.0609375
0 0.421875 0.27421875 0.146875 0.5484375
0 0.48671875 0.2296875 0.046875 0.428125
0 0.94921875 0.6203125 0.1015625 0.66875
0 0.8328125 0.74453125 0.1390625 0.2734375