0 0.41640625 0.30703125 0.575 0.4796875
0 0.271875 0.26953125 0.21875 0.2875
0 0.53828125 0.46015625 0.534375 0.3015625
0 0.3484375 0.7140625 0.4015625 0.2609375
0 0.57265625 0.78515625 0.35 0.1
0 0.6953125 0.6328125 0.203125 0.215625
0 0.66953125 0.61015625 0.1140625 0.1234375
0 0.97421875 0.16875 0.0515625 0.175
0 0.90859375 0.1890625 0.18125 0.2984375
0 0.09140625 0.1609375 0.0734375 0.321875
0 0.2546875 0.240625 0.371875 0.3828125
0 0.090625 0.865625 0.18125 0.1375
0 0.33359375 0.32890625 0.3734375 0.353125
0 0.78671875 0.77421875 0.29375 0.1984375
0 0.7 0.89921875 0.221875 0.1515625
0 0.9328125 0.65703125 0.0859375 0.1203125
0 0.94453125 0.5125 0.0984375 0.190625