0 0.60234375 0.35 0.7796875 0.2890625
0 0.6875 0.65 0.625 0.7
0 0.6015625 0.69765625 0.796875 0.4421875
0 0.8078125 0.18046875 0.321875 0.140625
0 0.69296875 0.165625 0.225 0.2703125
0 0.67890625 0.09296875 0.5546875 0.1859375
0 0.378125 0.23359375 0.34375 0.275
0 0.73046875 0.6453125 0.5390625 0.25
0 0.61484375 0.7 0.7703125 0.403125
0 0.2703125 0.21953125 0.171875 0.4
0 0.08515625 0.18671875 0.071875 0.278125
0 0.08359375 0.196875 0.1671875 0.290625
0 0.034375 0.2109375 0.06875 0.23125
0 0.5625 0.64453125 0.615625 0.2890625