0 0.30546875 0.540625 0.3109375 0.1203125
0 0.1109375 0.5359375 0.19375 0.259375
0 0.62421875 0.70078125 0.371875 0.10703125
0 0.5171875 0.85703125 0.51328125 0.16640625
0 0.18671875 0.84609375 0.234375 0.10703125
0 0.178125 0.04140625 0.26171875 0.04296875
0 0.1328125 0.2015625 0.265625 0.08125
0 0.54609375 0.2 0.30234375 0.334375
0 0.61328125 0.33984375 0.36328125 0.23203125
0 0.09375 0.21796875 0.0890625 0.1953125
0 0.68203125 0.459375 0.4734375 0.31328125
0 0.5640625 0.48984375 0.4890625 0.28828125
0 0.38671875 0.25390625 0.34375 0.39296875
0 0.31328125 0.2609375 0.2671875 0.325
0 0.70078125 0.5328125 0.521875 0.1359375
0 0.80390625 0.50546875 0.35078125 0.16796875
0 0.7390625 0.61328125 0.5171875 0.19921875
0 0.78515625 0.49921875 0.42890625 0.27265625
0 0.75 0.51875 0.4625 0.096875