0 0.21875 0.46953125 0.0578125 0.1640625
0 0.27421875 0.621875 0.0703125 0.11875
0 0.3953125 0.403125 0.021875 0.109375
0 0.44296875 0.41484375 0.0234375 0.1046875
0 0.45859375 0.37734375 0.0265625 0.0671875
0 0.46953125 0.4 0.03125 0.109375
0 0.4734375 0.390625 0.03125 0.1234375
0 0.51484375 0.32890625 0.015625 0.109375
0 0.49765625 0.39765625 0.0125 0.0421875
0 0.41171875 0.42734375 0.0078125 0.0421875
0 0.57265625 0.2921875 0.0125 0.0984375
0 0.5390625 0.31484375 0.00625 0.071875
0 0.55625 0.38515625 0.028125 0.0765625
0 0.6046875 0.3921875 0.0328125 0.0765625
0 0.6375 0.3640625 0.025 0.103125
0 0.6515625 0.3453125 0.01875 0.0515625
0 0.61875 0.38671875 0.0171875 0.0484375
0 0.646875 0.478125 0.04375 0.1
0 0.69140625 0.39140625 0.0328125 0.1328125
0 0.7109375 0.35390625 0.015625 0.0421875
0 0.7234375 0.40390625 0.028125 0.0828125
0 0.78125 0.35546875 0.046875 0.0875
0 0.80078125 0.3578125 0.1078125 0.13125
0 0.75234375 0.453125 0.09375 0.1453125
0 0.890625 0.503125 0.115625 0.125
0 0.98125 0.51015625 0.0375 0.0609375
0 0.8109375 0.38046875 0.040625 0.0828125
0 0.90078125 0.265625 0.0390625 0.0546875
0 0.85625 0.31640625 0.0671875 0.103125
0 0.87265625 0.403125 0.0296875 0.0375
0 0.34140625 0.6515625 0.01875 0.140625
0 0.35546875 0.6140625 0.015625 0.115625
0 0.20390625 0.609375 0.0484375 0.1203125
0 0.84140625 0.68359375 0.03125 0.05625
0 0.528125 0.45859375 0.0234375 0.0640625
0 0.57890625 0.35859375 0.0203125 0.0609375
0 0.56640625 0.4109375 0.01875 0.11875
0 0.65703125 0.390625 0.0109375 0.0625
0 0.67890625 0.396875 0.0296875 0.040625
0 0.690625 0.409375 0.0234375 0.078125
0 0.39296875 0.44453125 0.0109375 0.078125
0 0.4265625 0.42578125 0.009375 0.03125