0 0.4375 0.58359375 0.215625 0.8328125
0 0.79296875 0.525 0.2296875 0.95
0 0.6984375 0.7328125 0.128125 0.534375
0 0.2625 0.6234375 0.153125 0.725
0 0.121875 0.74609375 0.24375 0.4703125
0 0.83515625 0.8609375 0.2234375 0.278125
0 0.14296875 0.1 0.1015625 0.2
0 0.28515625 0.19453125 0.0640625 0.153125
0 0.23125 0.2109375 0.071875 0.1609375
0 0.290625 0.275 0.0890625 0.15
0 0.62109375 0.34453125 0.2015625 0.1828125
0 0.09453125 0.36328125 0.0203125 0.1140625
0 0.1265625 0.35859375 0.05 0.134375
0 0.1890625 0.12109375 0.0515625 0.1828125