0 0.23359375 0.4859375 0.1546875 0.296875
0 0.3109375 0.4984375 0.18125 0.3734375
0 0.52265625 0.67578125 0.08125 0.159375
0 0.4328125 0.803125 0.4046875 0.103125
0 0.05859375 0.815625 0.06875 0.0859375
0 0.68125 0.76875 0.3703125 0.103125
0 0.62734375 0.56328125 0.0609375 0.1796875
0 0.7328125 0.2546875 0.3765625 0.5015625
0 0.38046875 0.2609375 0.121875 0.3640625
0 0.1 0.3015625 0.059375 0.14375
0 0.9078125 0.17265625 0.184375 0.0765625
0 0.84765625 0.15703125 0.1359375 0.2109375
0 0.47421875 0.08203125 0.1109375 0.071875
0 0.096875 0.22734375 0.175 0.2109375
0 0.05546875 0.41796875 0.1046875 0.153125
0 0.0984375 0.496875 0.190625 0.1578125
0 0.3609375 0.1140625 0.2078125 0.1359375
0 0.6421875 0.31015625 0.05 0.328125