0 0.0609375 0.48046875 0.1046875 0.775
0 0.0359375 0.65625 0.071875 0.6875
0 0.11796875 0.55546875 0.115625 0.628125
0 0.1515625 0.55234375 0.0734375 0.6375
0 0.20078125 0.51171875 0.090625 0.828125
0 0.2734375 0.54296875 0.0546875 0.6265625
0 0.3171875 0.46171875 0.0734375 0.528125
0 0.35 0.39765625 0.125 0.6203125
0 0.41171875 0.378125 0.065625 0.4921875
0 0.434375 0.33671875 0.125 0.6734375
0 0.55703125 0.4625 0.075 0.9125
0 0.73984375 0.35703125 0.1171875 0.6609375
0 0.7125 0.5 0.0640625 0.4328125
0 0.80234375 0.35390625 0.0703125 0.6484375
0 0.859375 0.38203125 0.0609375 0.734375
0 0.909375 0.56953125 0.059375 0.809375
0 0.9671875 0.54609375 0.065625 0.8109375
0 0.65859375 0.5421875 0.0421875 0.709375
0 0.6984375 0.71328125 0.0703125 0.5671875
0 0.95625 0.6125 0.0578125 0.484375
0 0.4328125 0.5921875 0.1453125 0.6875