0 0.73359375 0.5515625 0.23125 0.1671875
0 0.8734375 0.3609375 0.253125 0.303125
0 0.825 0.3671875 0.196875 0.23125
0 0.32734375 0.16953125 0.2390625 0.3390625
0 0.39140625 0.13359375 0.0953125 0.2671875
0 0.478125 0.15859375 0.071875 0.171875
0 0.42421875 0.33359375 0.075 0.259375
0 0.4921875 0.2203125 0.11875 0.3890625
0 0.5421875 0.2671875 0.1125 0.384375
0 0.559375 0.3796875 0.103125 0.209375
0 0.7734375 0.234375 0.1390625 0.3796875
0 0.73984375 0.24296875 0.184375 0.415625
0 0.68515625 0.2875 0.11875 0.30625
0 0.70546875 0.1546875 0.10625 0.25
0 0.26953125 0.4390625 0.1109375 0.1375