0 0.43671875 0.5828125 0.2296875 0.834375
0 0.7921875 0.52734375 0.246875 0.9453125
0 0.69375 0.734375 0.1375 0.53125
0 0.2609375 0.61953125 0.165625 0.7265625
0 0.12109375 0.73828125 0.2421875 0.4734375
0 0.8296875 0.86328125 0.228125 0.2734375
0 0.15 0.096875 0.10625 0.19375
0 0.28984375 0.190625 0.065625 0.153125
0 0.2359375 0.20625 0.075 0.1625
0 0.2953125 0.27109375 0.0921875 0.1515625
0 0.62421875 0.346875 0.2046875 0.1859375
0 0.096875 0.35625 0.021875 0.1140625
0 0.1296875 0.35234375 0.053125 0.134375
0 0.1953125 0.115625 0.0546875 0.184375