0 0.61640625 0.21171875 0.2578125 0.4234375
0 0.52734375 0.19609375 0.1453125 0.359375
0 0.41328125 0.2015625 0.234375 0.4015625
0 0.41015625 0.35625 0.290625 0.51875
0 0.346875 0.3390625 0.20625 0.35625
0 0.378125 0.43828125 0.1078125 0.184375
0 0.3359375 0.4953125 0.05625 0.1484375
0 0.02734375 0.46796875 0.0546875 0.0921875
0 0.02890625 0.48359375 0.0578125 0.0796875
0 0.11015625 0.48359375 0.140625 0.096875
0 0.8859375 0.1625 0.0625 0.1625
0 0.61328125 0.16875 0.2171875 0.3375
0 0.83984375 0.00859375 0.1265625 0.0171875