0 0.734375 0.5390625 0.08125 0.90234375
0 0.73046875 0.75859375 0.06796875 0.46015625
0 0.315625 0.54765625 0.209375 0.9046875
0 0.403125 0.61640625 0.15390625 0.7671875
0 0.275 0.73984375 0.28125 0.5203125
0 0.51328125 0.6640625 0.05234375 0.67109375
0 0.56953125 0.65546875 0.0515625 0.6890625
0 0.628125 0.58046875 0.1765625 0.8390625
0 0.0765625 0.7625 0.02109375 0.475
0 0.02890625 0.71953125 0.04296875 0.36796875
0 0.03515625 0.6609375 0.0296875 0.16953125
0 0.10390625 0.4484375 0.19453125 0.4046875