0 0.33671875 0.4953125 0.1625 0.178125
0 0.228125 0.1296875 0.053125 0.1015625
0 0.43515625 0.1578125 0.0625 0.0921875
0 0.24609375 0.290625 0.05625 0.103125
0 0.590625 0.2078125 0.0421875 0.0828125
0 0.7734375 0.2125 0.040625 0.09375
0 0.92734375 0.27734375 0.0578125 0.1234375
0 0.46875 0.65390625 0.2109375 0.0953125
0 0.434375 0.16328125 0.05 0.071875
0 0.77578125 0.61953125 0.159375 0.125
0 0.12265625 0.2375 0.1859375 0.14375
0 0.153125 0.17265625 0.109375 0.0671875
0 0.5453125 0.26171875 0.0546875 0.0953125
0 0.49921875 0.24609375 0.0828125 0.1265625
0 0.521875 0.3171875 0.053125 0.0703125
0 0.4984375 0.31640625 0.0390625 0.05625
0 0.73125 0.546875 0.0828125 0.0671875
0 0.41484375 0.0703125 0.05 0.1140625
0 0.5515625 0.159375 0.1703125 0.1359375
0 0.29609375 0.278125 0.0703125 0.1203125
0 0.34375 0.228125 0.09375 0.1890625
0 0.36015625 0.21328125 0.0375 0.103125
0 0.8765625 0.3296875 0.08125 0.1671875
0 0.8890625 0.2125 0.065625 0.084375
0 0.8484375 0.21953125 0.115625 0.053125
0 0.94765625 0.621875 0.1046875 0.121875
0 0.9515625 0.42578125 0.096875 0.1359375
0 0.6859375 0.3328125 0.0265625 0.08125
0 0.62265625 0.33984375 0.028125 0.0484375
0 0.6515625 0.3171875 0.0265625 0.0703125
0 0.89140625 0.09140625 0.1015625 0.040625
0 0.896875 0.015625 0.065625 0.03125
0 0.49921875 0.06640625 0.0703125 0.053125
0 0.58828125 0.11875 0.0328125 0.0796875
0 0.37265625 0.4046875 0.0875 0.0515625