0 0.44453125 0.58828125 0.1578125 0.8234375
0 0.7953125 0.5171875 0.16328125 0.96484375
0 0.71484375 0.72734375 0.08984375 0.5453125
0 0.271875 0.63984375 0.103125 0.7203125
0 0.1296875 0.77265625 0.23359375 0.4546875
0 0.86171875 0.85234375 0.203125 0.2953125
0 0.115625 0.121875 0.08828125 0.203125
0 0.2640625 0.21015625 0.053125 0.14921875
0 0.21171875 0.23046875 0.06171875 0.15703125
0 0.27578125 0.28984375 0.0796875 0.1453125
0 0.61015625 0.33671875 0.190625 0.1703125
0 0.0859375 0.3921875 0.01171875 0.11328125
0 0.11796875 0.38515625 0.04140625 0.13125
0 0.16328125 0.14375 0.03828125 0.18125