0 0.31484375 0.24140625 0.4828125 0.3078125
0 0.0578125 0.634375 0.109375 0.103125
0 0.184375 0.3625 0.353125 0.196875
0 0.2234375 0.43828125 0.2515625 0.0578125
0 0.31953125 0.321875 0.153125 0.2546875
0 0.35546875 0.5109375 0.2984375 0.115625
0 0.33203125 0.50859375 0.1140625 0.0515625
0 0.3453125 0.53671875 0.125 0.0859375
0 0.540625 0.54375 0.1171875 0.1078125
0 0.42109375 0.32109375 0.2828125 0.2046875
0 0.46953125 0.25 0.1359375 0.1578125
0 0.86953125 0.07890625 0.23125 0.046875
0 0.86796875 0.13203125 0.175 0.228125
0 0.75546875 0.3640625 0.0875 0.2109375
0 0.64765625 0.37265625 0.03125 0.1125
0 0.690625 0.3734375 0.040625 0.1078125
0 0.6765625 0.15390625 0.0703125 0.2640625