0 0.328125 0.23984375 0.240625 0.475
0 0.1390625 0.446875 0.278125 0.51875
0 0.215625 0.84296875 0.1546875 0.28125
0 0.31328125 0.40859375 0.2671875 0.6046875
0 0.40625 0.74140625 0.275 0.5171875
0 0.37109375 0.8140625 0.153125 0.3671875
0 0.75 0.68046875 0.1359375 0.5421875
0 0.69921875 0.2078125 0.0921875 0.4140625
0 0.6328125 0.20546875 0.146875 0.2828125
0 0.5578125 0.25078125 0.1703125 0.4609375
0 0.3703125 0.29296875 0.2203125 0.5515625
0 0.515625 0.64375 0.371875 0.63125
0 0.79609375 0.12734375 0.1609375 0.0578125
0 0.4109375 0.278125 0.1375 0.55
0 0.47265625 0.23125 0.0390625 0.428125
0 0.9546875 0.59765625 0.090625 0.6671875
0 0.8453125 0.7265625 0.134375 0.271875