0 0.0765625 0.5265625 0.153125 0.778125
0 0.06328125 0.68046875 0.1265625 0.6390625
0 0.12578125 0.59453125 0.18125 0.634375
0 0.159375 0.58828125 0.1390625 0.6390625
0 0.20390625 0.54296875 0.1765625 0.8296875
0 0.27890625 0.56640625 0.1203125 0.6265625
0 0.3140625 0.48125 0.128125 0.5296875
0 0.33984375 0.4140625 0.1890625 0.628125
0 0.4 0.38828125 0.115625 0.49375
0 0.41796875 0.34453125 0.1953125 0.6796875
0 0.553125 0.45625 0.16875 0.9125
0 0.7234375 0.3328125 0.184375 0.665625
0 0.71171875 0.478125 0.109375 0.434375
0 0.784375 0.32421875 0.1375 0.6484375
0 0.8453125 0.35625 0.1375 0.7125
0 0.9140625 0.5265625 0.1421875 0.809375
0 0.94765625 0.49609375 0.1046875 0.8109375
0 0.6625 0.52578125 0.1171875 0.7078125
0 0.71953125 0.69140625 0.1296875 0.5703125
0 0.95546875 0.56328125 0.0890625 0.4859375
0 0.44296875 0.5984375 0.215625 0.696875