0 0.7328125 0.55546875 0.2328125 0.1703125
0 0.8734375 0.36875 0.253125 0.30625
0 0.82734375 0.3734375 0.1984375 0.2328125
0 0.33359375 0.16796875 0.2453125 0.3359375
0 0.396875 0.1328125 0.1 0.265625
0 0.484375 0.1578125 0.075 0.171875
0 0.42734375 0.33203125 0.0796875 0.259375
0 0.496875 0.21953125 0.125 0.3875
0 0.54609375 0.26796875 0.11875 0.384375
0 0.56171875 0.38046875 0.10625 0.209375
0 0.778125 0.2390625 0.1453125 0.3796875
0 0.74453125 0.246875 0.190625 0.415625
0 0.6890625 0.290625 0.1234375 0.30625
0 0.71171875 0.15859375 0.109375 0.2515625
0 0.27109375 0.43515625 0.1125 0.1390625