0 0.31328125 0.5671875 0.325 0.1625
0 0.11953125 0.58984375 0.228125 0.284375
0 0.65078125 0.68125 0.3828125 0.1578125
0 0.56640625 0.85078125 0.53125 0.2359375
0 0.23828125 0.8859375 0.246875 0.1390625
0 0.125 0.08984375 0.25 0.0796875
0 0.115625 0.25546875 0.23125 0.1171875
0 0.50390625 0.196875 0.3453125 0.3734375
0 0.58984375 0.32578125 0.3921875 0.2796875
0 0.05859375 0.27734375 0.115625 0.20625
0 0.67421875 0.434375 0.5125 0.3765625
0 0.56171875 0.48125 0.525 0.353125
0 0.35390625 0.271875 0.3953125 0.4375
0 0.28203125 0.2890625 0.309375 0.359375
0 0.703125 0.5046875 0.5359375 0.2078125
0 0.8015625 0.46328125 0.3703125 0.215625
0 0.740625 0.578125 0.51875 0.26875
0 0.775 0.45859375 0.45 0.3296875
0 0.75 0.48359375 0.471875 0.1609375