0 0.7046875 0.3765625 0.23125 0.0796875
0 0.7015625 0.42421875 0.3046875 0.08125
0 0.59921875 0.5265625 0.1625 0.1296875
0 0.6734375 0.50234375 0.3 0.159375
0 0.3828125 0.5328125 0.0734375 0.103125
0 0.27734375 0.56015625 0.0984375 0.0921875
0 0.26171875 0.265625 0.0578125 0.2296875
0 0.22421875 0.30078125 0.071875 0.2234375
0 0.4125 0.2875 0.0671875 0.1171875
0 0.4265625 0.37734375 0.065625 0.071875
0 0.38671875 0.41640625 0.078125 0.1453125
0 0.35 0.37890625 0.0890625 0.221875
0 0.61953125 0.3359375 0.184375 0.140625
0 0.78046875 0.77578125 0.08125 0.0796875
0 0.65546875 0.73203125 0.0609375 0.046875
0 0.58125 0.7953125 0.075 0.090625
0 0.25546875 0.8875 0.1671875 0.140625
0 0.1546875 0.80546875 0.1734375 0.05
0 0.21484375 0.678125 0.125 0.096875
0 0.12265625 0.5828125 0.2359375 0.071875
0 0.19375 0.440625 0.10625 0.1578125
0 0.07578125 0.4625 0.1515625 0.165625
0 0.0390625 0.38671875 0.078125 0.1703125
0 0.48515625 0.57109375 0.0921875 0.0625
0 0.89921875 0.56015625 0.1828125 0.04375
0 0.6265625 0.6296875 0.1484375 0.084375
0 0.75078125 0.6515625 0.2640625 0.065625
0 0.88671875 0.56171875 0.2265625 0.1359375
0 0.515625 0.715625 0.0984375 0.065625