0 0.45 0.43046875 0.2453125 0.190625
0 0.29921875 0.5015625 0.2171875 0.175
0 0.5640625 0.25390625 0.2515625 0.1125
0 0.84609375 0.41796875 0.271875 0.1515625
0 0.32109375 0.1984375 0.2875 0.1078125
0 0.3296875 0.1484375 0.2171875 0.084375
0 0.59609375 0.15390625 0.053125 0.0921875
0 0.2421875 0.37578125 0.20625 0.0609375
0 0.46328125 0.35625 0.4046875 0.1265625
0 0.76953125 0.8390625 0.0765625 0.228125
0 0.21171875 0.6296875 0.3 0.1296875
0 0.68359375 0.16953125 0.0796875 0.0859375
0 0.76328125 0.21796875 0.103125 0.10625
0 0.69921875 0.3 0.1 0.0953125
0 0.82421875 0.05234375 0.0484375 0.1046875
0 0.8015625 0.10390625 0.0546875 0.1171875
0 0.83359375 0.6078125 0.0703125 0.11875
0 0.7234375 0.60234375 0.140625 0.1375