0 0.71953125 0.40625 0.2296875 0.0640625
0 0.71015625 0.453125 0.3015625 0.0609375
0 0.59453125 0.53984375 0.15625 0.1203125
0 0.67109375 0.5265625 0.2921875 0.1390625
0 0.37890625 0.51640625 0.0671875 0.1
0 0.27109375 0.52890625 0.0921875 0.0859375
0 0.296875 0.23515625 0.0421875 0.228125
0 0.2546875 0.26484375 0.05625 0.2203125
0 0.44296875 0.27734375 0.059375 0.1140625
0 0.44453125 0.36796875 0.0609375 0.06875
0 0.39921875 0.40078125 0.06875 0.1421875
0 0.36796875 0.359375 0.0734375 0.21875
0 0.64140625 0.35390625 0.1765625 0.128125
0 0.7390625 0.8125 0.0765625 0.075
0 0.621875 0.7515625 0.0578125 0.0421875
0 0.5390625 0.80390625 0.06875 0.0859375
0 0.20390625 0.85 0.159375 0.13125
0 0.115625 0.7546875 0.171875 0.0375
0 0.19296875 0.63671875 0.11875 0.090625
0 0.115625 0.5296875 0.23125 0.05625
0 0.2046875 0.3984375 0.0953125 0.1515625
0 0.078125 0.40390625 0.1546875 0.1546875
0 0.0484375 0.32265625 0.090625 0.1640625
0 0.47578125 0.56875 0.0890625 0.05625
0 0.88671875 0.61484375 0.18125 0.03125
0 0.6078125 0.64609375 0.14375 0.075
0 0.72734375 0.684375 0.2625 0.0484375
0 0.8796875 0.615625 0.2296875 0.1203125
0 0.48515625 0.71640625 0.0953125 0.059375