0 0.459375 0.425 0.228125 0.165625
0 0.30078125 0.47734375 0.2015625 0.1515625
0 0.59375 0.2640625 0.2453125 0.0828125
0 0.85390625 0.4609375 0.2609375 0.121875
0 0.359375 0.17890625 0.2828125 0.0734375
0 0.3734375 0.1296875 0.2125 0.059375
0 0.6375 0.16875 0.0421875 0.0890625
0 0.259375 0.3453125 0.20625 0.0375
0 0.48046875 0.353125 0.4015625 0.078125
0 0.7265625 0.86953125 0.05 0.2265625
0 0.1984375 0.59375 0.2921875 0.0953125
0 0.72265625 0.19453125 0.071875 0.0796875
0 0.7953125 0.25234375 0.09375 0.096875
0 0.721875 0.32578125 0.090625 0.0859375
0 0.87734375 0.09296875 0.0359375 0.10625
0 0.84765625 0.14375 0.040625 0.1140625
0 0.81796875 0.64765625 0.0578125 0.1140625
0 0.709375 0.62890625 0.128125 0.1234375