0 0.6828125 0.325 0.23125 0.09375
0 0.7015625 0.37421875 0.240625 0.0703125
0 0.66875 0.20625 0.1 0.1671875
0 0.6453125 0.54453125 0.178125 0.1390625
0 0.13046875 0.3546875 0.0859375 0.121875
0 0.41953125 0.3515625 0.0671875 0.1609375
0 0.36875 0.35625 0.05 0.1328125
0 0.55390625 0.38203125 0.1421875 0.165625
0 0.5609375 0.325 0.046875 0.1109375
0 0.2859375 0.3390625 0.04375 0.1296875
0 0.46171875 0.54140625 0.128125 0.05
0 0.6421875 0.80703125 0.159375 0.1640625
0 0.68203125 0.70859375 0.06875 0.1359375
0 0.49375 0.6859375 0.040625 0.0546875
0 0.87109375 0.37109375 0.1546875 0.1671875
0 0.94765625 0.37421875 0.0890625 0.059375
0 0.22109375 0.43828125 0.05 0.0484375
0 0.94765625 0.6734375 0.1046875 0.034375
0 0.9046875 0.6203125 0.0390625 0.0609375
0 0.9328125 0.52734375 0.0703125 0.0703125
0 0.94453125 0.5 0.1 0.0890625
0 0.76796875 0.46328125 0.0390625 0.1015625
0 0.88984375 0.1890625 0.0328125 0.0734375
0 0.70078125 0.20703125 0.1046875 0.1078125