0 0.21796875 0.4796875 0.0640625 0.165625
0 0.278125 0.6296875 0.075 0.1203125
0 0.3921875 0.40703125 0.0265625 0.109375
0 0.43984375 0.4171875 0.0265625 0.10625
0 0.4546875 0.37890625 0.0296875 0.06875
0 0.465625 0.40078125 0.0359375 0.109375
0 0.46953125 0.39140625 0.0359375 0.1234375
0 0.509375 0.328125 0.01875 0.109375
0 0.49375 0.39765625 0.0140625 0.0421875
0 0.409375 0.43046875 0.009375 0.0421875
0 0.565625 0.28984375 0.015625 0.0984375
0 0.5328125 0.31328125 0.009375 0.071875
0 0.55234375 0.3828125 0.03125 0.078125
0 0.60078125 0.38828125 0.0359375 0.078125
0 0.6328125 0.359375 0.028125 0.103125
0 0.64609375 0.33984375 0.0203125 0.0515625
0 0.61484375 0.3828125 0.01875 0.0484375
0 0.6453125 0.47265625 0.046875 0.1015625
0 0.6875 0.384375 0.0375 0.134375
0 0.70546875 0.346875 0.0171875 0.0421875
0 0.71953125 0.39609375 0.03125 0.0828125
0 0.77578125 0.3453125 0.05 0.0890625
0 0.7953125 0.34765625 0.1125 0.134375
0 0.75078125 0.44453125 0.0984375 0.1484375
0 0.890625 0.48984375 0.1203125 0.128125
0 0.98125 0.49375 0.0375 0.0625
0 0.80703125 0.36953125 0.04375 0.084375
0 0.8921875 0.2515625 0.040625 0.05625
0 0.84921875 0.30390625 0.0703125 0.1046875
0 0.86875 0.38984375 0.03125 0.0375
0 0.346875 0.65703125 0.0234375 0.140625
0 0.359375 0.61953125 0.0203125 0.115625
0 0.2078125 0.61953125 0.053125 0.1203125
0 0.84765625 0.671875 0.0328125 0.05625
0 0.5265625 0.4578125 0.0265625 0.065625
0 0.5734375 0.35625 0.0234375 0.0625
0 0.56328125 0.409375 0.021875 0.11875
0 0.653125 0.3859375 0.0125 0.0625
0 0.675 0.390625 0.03125 0.040625
0 0.6875 0.40234375 0.0265625 0.078125
0 0.390625 0.4484375 0.0140625 0.078125
0 0.42421875 0.428125 0.0109375 0.03125