0 0.7390625 0.50625 0.21015625 0.1296875
0 0.86796875 0.2875 0.2640625 0.25703125
0 0.79375 0.3078125 0.16015625 0.2046875
0 0.26328125 0.18359375 0.1734375 0.3625
0 0.32265625 0.15859375 0.04453125 0.26953125
0 0.41328125 0.16875 0.04140625 0.16640625
0 0.39375 0.35078125 0.0265625 0.259375
0 0.4390625 0.2265625 0.04609375 0.38671875
0 0.496875 0.26328125 0.03984375 0.384375
0 0.53515625 0.3703125 0.06640625 0.2
0 0.71796875 0.18671875 0.06953125 0.3734375
0 0.68671875 0.2015625 0.109375 0.40234375
0 0.64140625 0.25625 0.0625 0.29921875
0 0.6359375 0.121875 0.06015625 0.24375
0 0.2625 0.484375 0.0890625 0.12265625