0 0.5375 0.359375 0.6515625 0.4703125
0 0.77421875 0.51484375 0.2453125 0.2765625
0 0.2625 0.50703125 0.525 0.3359375
0 0.31796875 0.68203125 0.5765625 0.384375
0 0.35234375 0.7625 0.425 0.303125
0 0.2359375 0.36328125 0.2578125 0.2734375
0 0.61328125 0.50234375 0.1203125 0.1546875
0 0.60546875 0.5046875 0.14375 0.240625
0 0.540625 0.41796875 0.096875 0.209375
0 0.428125 0.59375 0.26875 0.2765625
0 0.39375 0.42265625 0.121875 0.215625
0 0.56640625 0.77109375 0.3734375 0.4578125
0 0.5890625 0.890625 0.209375 0.1921875