0 0.27734375 0.58984375 0.225 0.065625
0 0.23359375 0.5 0.2953125 0.0890625
0 0.24609375 0.3953125 0.2890625 0.08125
0 0.46796875 0.4640625 0.096875 0.0796875
0 0.47734375 0.46171875 0.075 0.075
0 0.35703125 0.32890625 0.253125 0.1515625
0 0.3796875 0.3515625 0.2125 0.10625
0 0.4609375 0.4375 0.2296875 0.1046875
0 0.371875 0.290625 0.3609375 0.2015625
0 0.4234375 0.28125 0.13125 0.0546875
0 0.5578125 0.3125 0.2390625 0.25
0 0.6296875 0.32109375 0.140625 0.23125
0 0.66953125 0.35703125 0.1265625 0.1203125
0 0.60625 0.02421875 0.08125 0.0484375
0 0.62109375 0.04375 0.059375 0.040625
0 0.86171875 0.89765625 0.0359375 0.0421875
0 0.95859375 0.75390625 0.0828125 0.0421875
0 0.96015625 0.7140625 0.0359375 0.0421875
0 0.9890625 0.69453125 0.021875 0.0234375
0 0.68515625 0.49453125 0.128125 0.1140625
0 0.6515625 0.5796875 0.0234375 0.040625