0 0.08125 0.390625 0.0640625 0.1453125
0 0.11953125 0.39453125 0.05 0.1265625
0 0.1859375 0.35546875 0.0484375 0.1984375
0 0.2265625 0.2703125 0.059375 0.3078125
0 0.34765625 0.24921875 0.0546875 0.146875
0 0.31171875 0.14609375 0.0703125 0.1734375
0 0.53359375 0.12265625 0.0734375 0.1859375
0 0.67734375 0.1546875 0.053125 0.1625
0 0.81640625 0.13515625 0.071875 0.1265625
0 0.9640625 0.278125 0.071875 0.06875
0 0.41640625 0.225 0.065625 0.190625
0 0.55234375 0.2015625 0.08125 0.1375
0 0.49453125 0.24375 0.01875 0.096875
0 0.7328125 0.1703125 0.053125 0.1109375
0 0.7265625 0.14609375 0.06875 0.153125
0 0.834375 0.21484375 0.084375 0.0671875
0 0.77890625 0.2296875 0.0328125 0.0546875