0 0.71328125 0.36328125 0.2328125 0.0984375
0 0.721875 0.41484375 0.240625 0.0734375
0 0.721875 0.24375 0.1015625 0.16875
0 0.63359375 0.57109375 0.1796875 0.1421875
0 0.16484375 0.28671875 0.0890625 0.1234375
0 0.44921875 0.3390625 0.0703125 0.1609375
0 0.39921875 0.33359375 0.0515625 0.1328125
0 0.57578125 0.39453125 0.1453125 0.16875
0 0.59296875 0.33984375 0.05 0.1125
0 0.3203125 0.3015625 0.0453125 0.13125
0 0.4546875 0.53359375 0.128125 0.0515625
0 0.58125 0.828125 0.1625 0.165625
0 0.6390625 0.7390625 0.0703125 0.1375
0 0.4578125 0.68125 0.040625 0.0546875
0 0.8890625 0.44453125 0.15625 0.16875
0 0.95859375 0.46171875 0.0828125 0.0609375
0 0.2375 0.3859375 0.05 0.0484375
0 0.91484375 0.75703125 0.121875 0.0359375
0 0.87421875 0.6953125 0.0390625 0.0609375
0 0.91953125 0.609375 0.071875 0.071875
0 0.93671875 0.58515625 0.1015625 0.090625
0 0.7703125 0.51484375 0.040625 0.103125
0 0.9421875 0.26953125 0.034375 0.0734375
0 0.753125 0.25078125 0.10625 0.109375