0 0.62109375 0.37109375 0.7578125 0.2515625
0 0.678125 0.67578125 0.64375 0.6484375
0 0.58359375 0.7171875 0.825 0.403125
0 0.85234375 0.2453125 0.2953125 0.125
0 0.753125 0.20859375 0.2140625 0.2609375
0 0.7421875 0.1078125 0.515625 0.215625
0 0.43125 0.215625 0.3328125 0.259375
0 0.71171875 0.68984375 0.5578125 0.2234375
0 0.59453125 0.72265625 0.7984375 0.3640625
0 0.32734375 0.1890625 0.1515625 0.378125
0 0.15234375 0.12578125 0.0578125 0.2515625
0 0.12109375 0.1296875 0.2078125 0.259375
0 0.07265625 0.12265625 0.1109375 0.228125
0 0.53359375 0.65390625 0.60625 0.259375