0 0.21953125 0.46484375 0.05546875 0.16328125
0 0.271875 0.61796875 0.06875 0.1171875
0 0.396875 0.4015625 0.0203125 0.10859375
0 0.44453125 0.4140625 0.021875 0.1046875
0 0.4609375 0.3765625 0.02578125 0.0671875
0 0.47109375 0.39921875 0.0296875 0.10859375
0 0.475 0.38984375 0.02890625 0.12265625
0 0.51796875 0.32890625 0.01328125 0.10859375
0 0.49921875 0.39765625 0.0125 0.04140625
0 0.41328125 0.42578125 0.0078125 0.0421875
0 0.5765625 0.29375 0.01015625 0.09765625
0 0.5421875 0.315625 0.00546875 0.07109375
0 0.55859375 0.3859375 0.02734375 0.0765625
0 0.60625 0.39375 0.03125 0.0765625
0 0.63984375 0.36640625 0.0234375 0.10234375
0 0.65390625 0.34765625 0.01796875 0.05078125
0 0.62109375 0.3890625 0.015625 0.04765625
0 0.646875 0.48046875 0.04140625 0.09921875
0 0.69296875 0.39453125 0.03125 0.1328125
0 0.71328125 0.3578125 0.015625 0.0421875
0 0.725 0.4078125 0.02734375 0.08203125
0 0.78359375 0.36015625 0.0453125 0.08671875
0 0.803125 0.36328125 0.10625 0.1296875
0 0.753125 0.4578125 0.090625 0.14375
0 0.890625 0.51015625 0.1140625 0.12265625
0 0.98203125 0.51953125 0.0359375 0.0609375
0 0.81328125 0.3859375 0.03984375 0.08203125
0 0.9046875 0.27265625 0.03828125 0.05390625
0 0.859375 0.32265625 0.065625 0.1015625
0 0.87421875 0.409375 0.02890625 0.03671875
0 0.3390625 0.6484375 0.01640625 0.140625
0 0.353125 0.61171875 0.0140625 0.115625
0 0.20234375 0.60390625 0.046875 0.11875
0 0.83828125 0.68984375 0.03046875 0.05546875
0 0.52890625 0.459375 0.02265625 0.0640625
0 0.58125 0.36015625 0.01953125 0.0609375
0 0.56796875 0.4125 0.01640625 0.11796875
0 0.65859375 0.39375 0.009375 0.0625
0 0.68046875 0.4 0.02890625 0.03984375
0 0.6921875 0.4125 0.02265625 0.07734375
0 0.39375 0.44296875 0.009375 0.07734375
0 0.428125 0.42421875 0.009375 0.03046875