0 0.78125 0.25390625 0.2609375 0.3234375
0 0.8015625 0.3640625 0.2640625 0.3640625
0 0.20703125 0.40234375 0.2171875 0.390625
0 0.31796875 0.3546875 0.2703125 0.415625
0 0.4859375 0.30625 0.26875 0.3734375
0 0.65546875 0.3265625 0.2234375 0.3265625
0 0.73671875 0.346875 0.359375 0.534375
0 0.22421875 0.6546875 0.090625 0.2640625
0 0.0609375 0.36640625 0.075 0.1671875
0 0.89921875 0.61640625 0.2015625 0.2734375
0 0.60703125 0.44765625 0.1984375 0.228125
0 0.49765625 0.5125 0.04375 0.115625
0 0.4375 0.23671875 0.16875 0.4734375