0 0.35546875 0.22890625 0.434375 0.4
0 0.91328125 0.2953125 0.053125 0.1078125
0 0.76484375 0.44921875 0.06875 0.090625
0 0.70859375 0.5546875 0.0640625 0.1390625
0 0.496875 0.72109375 0.2640625 0.178125
0 0.08671875 0.21640625 0.1734375 0.1140625
0 0.41328125 0.20078125 0.2015625 0.365625
0 0.76484375 0.434375 0.2921875 0.1609375
0 0.91484375 0.3828125 0.15625 0.059375
0 0.18203125 0.9296875 0.2984375 0.1203125
0 0.58515625 0.62890625 0.2375 0.1625
0 0.82578125 0.63671875 0.2296875 0.1875
0 0.8703125 0.646875 0.259375 0.175
0 0.17890625 0.30703125 0.228125 0.0671875
0 0.0703125 0.3515625 0.140625 0.071875
0 0.171875 0.38984375 0.2484375 0.0671875
0 0.10234375 0.4484375 0.2046875 0.16875
0 0.0875 0.48203125 0.175 0.0640625
0 0.08046875 0.50546875 0.159375 0.0265625
0 0.084375 0.525 0.1671875 0.0421875
0 0.12421875 0.309375 0.2484375 0.125
0 0.3125 0.3671875 0.1515625 0.0609375
0 0.66015625 0.25546875 0.13125 0.1578125
0 0.753125 0.2125 0.19375 0.153125
0 0.78359375 0.23125 0.1109375 0.03125
0 0.52265625 0.27109375 0.0390625 0.1