0 0.6921875 0.23046875 0.19375 0.45
0 0.6046875 0.2140625 0.0921875 0.35625
0 0.49296875 0.190625 0.1796875 0.38125
0 0.45078125 0.3375 0.21875 0.4984375
0 0.39375 0.30546875 0.1578125 0.3421875
0 0.3984375 0.40859375 0.0828125 0.1765625
0 0.34296875 0.453125 0.034375 0.146875
0 0.03984375 0.34453125 0.06875 0.084375
0 0.03984375 0.359375 0.06875 0.0703125
0 0.12734375 0.38359375 0.13125 0.078125
0 0.96015625 0.2734375 0.0375 0.1609375
0 0.7015625 0.1890625 0.1640625 0.365625
0 0.9515625 0.08359375 0.096875 0.0609375