0 0.7765625 0.3046875 0.090625 0.20625
0 0.95234375 0.44375 0.0953125 0.10625
0 0.2671875 0.16796875 0.20625 0.1375
0 0.69140625 0.2546875 0.1671875 0.2375
0 0.60390625 0.41015625 0.3078125 0.0703125
0 0.2359375 0.31484375 0.2453125 0.053125
0 0.46015625 0.303125 0.1484375 0.09375
0 0.4234375 0.41484375 0.04375 0.1109375
0 0.22421875 0.4125 0.2 0.10625
0 0.51796875 0.29453125 0.0765625 0.228125
0 0.43515625 0.1765625 0.10625 0.1578125
0 0.184375 0.30078125 0.146875 0.1265625
0 0.75234375 0.6359375 0.034375 0.0765625
0 0.2140625 0.8125 0.1609375 0.159375