0 0.86953125 0.81015625 0.2578125 0.3796875
0 0.10390625 0.475 0.19609375 0.69296875
0 0.1328125 0.62265625 0.2515625 0.2734375
0 0.1671875 0.4359375 0.06953125 0.44296875
0 0.24921875 0.27734375 0.1015625 0.55
0 0.21953125 0.159375 0.20390625 0.3046875
0 0.55234375 0.365625 0.1375 0.59765625
0 0.4703125 0.44296875 0.0875 0.46640625
0 0.37265625 0.753125 0.0796875 0.49375
0 0.81640625 0.55234375 0.20703125 0.33828125
0 0.7125 0.5515625 0.075 0.2640625
0 0.64921875 0.67265625 0.20546875 0.6546875
0 0.62109375 0.6046875 0.14609375 0.4
0 0.55703125 0.6453125 0.1890625 0.709375
0 0.5921875 0.29140625 0.08046875 0.41171875
0 0.36640625 0.29296875 0.0390625 0.4953125