0 0.34375 0.33828125 0.14375 0.04375
0 0.3015625 0.384375 0.1875 0.0609375
0 0.43046875 0.26796875 0.1828125 0.0671875
0 0.6515625 0.32890625 0.065625 0.0453125
0 0.5546875 0.3203125 0.096875 0.0546875
0 0.26484375 0.50546875 0.10625 0.0796875
0 0.46953125 0.46875 0.2328125 0.10625
0 0.97109375 0.4015625 0.021875 0.053125
0 0.9578125 0.403125 0.046875 0.053125
0 0.3453125 0.33125 0.1 0.0859375
0 0.428125 0.2953125 0.153125 0.05625
0 0.40390625 0.44375 0.184375 0.096875
0 0.34609375 0.56484375 0.075 0.04375
0 0.43359375 0.5125 0.109375 0.06875
0 0.1734375 0.82109375 0.1546875 0.14375
0 0.01796875 0.51328125 0.0359375 0.1296875
0 0.6296875 0.3921875 0.0375 0.053125