0 0.36796875 0.31875 0.14375 0.04375
0 0.31953125 0.3578125 0.1875 0.0609375
0 0.46328125 0.2609375 0.1828125 0.0671875
0 0.67421875 0.3515625 0.065625 0.0453125
0 0.57890625 0.3296875 0.096875 0.0546875
0 0.26640625 0.47265625 0.10625 0.0796875
0 0.47421875 0.46484375 0.2328125 0.10625
0 0.9796875 0.46796875 0.021875 0.053125
0 0.96640625 0.46796875 0.046875 0.053125
0 0.3703125 0.31171875 0.1 0.0859375
0 0.4578125 0.2875 0.153125 0.05625
0 0.4125 0.43125 0.184375 0.096875
0 0.3390625 0.54296875 0.075 0.04375
0 0.4328125 0.503125 0.109375 0.06875
0 0.13203125 0.77265625 0.1546875 0.14375
0 0.01953125 0.44609375 0.0390625 0.1296875
0 0.64296875 0.41171875 0.0375 0.053125