0 0.36015625 0.39609375 0.2109375 0.70625
0 0.7984375 0.9625 0.2 0.075
0 0.875 0.78515625 0.234375 0.2625
0 0.91640625 0.5390625 0.1015625 0.178125
0 0.1171875 0.08203125 0.05625 0.109375
0 0.0984375 0.265625 0.053125 0.19375
0 0.153125 0.21796875 0.1609375 0.1125
0 0.24296875 0.10078125 0.040625 0.1421875
0 0.3875 0.07109375 0.065625 0.1421875
0 0.5265625 0.07890625 0.0484375 0.1578125
0 0.5921875 0.44140625 0.2609375 0.075
0 0.92890625 0.0796875 0.0546875 0.11875
0 0.771875 0.0484375 0.05625 0.0734375
0 0.26015625 0.21640625 0.2484375 0.4328125
0 0.08671875 0.0953125 0.0265625 0.190625
0 0.5640625 0.09921875 0.05 0.19375
0 0.60390625 0.096875 0.0453125 0.1859375
0 0.97265625 0.11015625 0.0546875 0.1734375
0 0.7015625 0.053125 0.0265625 0.0859375
0 0.84140625 0.08046875 0.115625 0.1328125
0 0.87109375 0.4921875 0.0828125 0.1296875
0 0.38359375 0.41796875 0.6859375 0.125