0 0.41328125 0.30859375 0.56875 0.4703125
0 0.26796875 0.2734375 0.2140625 0.284375
0 0.5375 0.459375 0.53125 0.29375
0 0.35234375 0.7171875 0.3984375 0.2546875
0 0.578125 0.78359375 0.35 0.09375
0 0.69765625 0.62890625 0.2 0.2125
0 0.671875 0.60703125 0.1125 0.121875
0 0.971875 0.159375 0.05625 0.175
0 0.903125 0.18203125 0.1765625 0.296875
0 0.08515625 0.1640625 0.0671875 0.328125
0 0.25 0.2453125 0.365625 0.378125
0 0.09296875 0.871875 0.1859375 0.134375
0 0.33046875 0.33203125 0.36875 0.3484375
0 0.79140625 0.76953125 0.290625 0.19375
0 0.70703125 0.8953125 0.2203125 0.1484375
0 0.93515625 0.64921875 0.084375 0.1203125
0 0.9453125 0.5046875 0.0953125 0.1890625