0 0.0875 0.36875 0.071875 0.146875
0 0.12578125 0.375 0.05625 0.128125
0 0.19375 0.3390625 0.0578125 0.2
0 0.2390625 0.25625 0.075 0.3078125
0 0.3609375 0.24140625 0.0609375 0.146875
0 0.33046875 0.13671875 0.078125 0.175
0 0.553125 0.125 0.08125 0.1875
0 0.6953125 0.16484375 0.0609375 0.1625
0 0.83515625 0.1515625 0.0765625 0.1296875
0 0.96953125 0.303125 0.0609375 0.071875
0 0.43125 0.22109375 0.075 0.1921875
0 0.5671875 0.2046875 0.0875 0.140625
0 0.5078125 0.24375 0.025 0.096875
0 0.75 0.18359375 0.0578125 0.1125
0 0.74453125 0.1578125 0.075 0.1546875
0 0.84921875 0.2328125 0.0859375 0.0703125
0 0.7921875 0.24453125 0.034375 0.05625