0 0.346875 0.4171875 0.234375 0.7109375
0 0.8609375 0.92734375 0.2015625 0.103125
0 0.89453125 0.72890625 0.2109375 0.2703125
0 0.91796875 0.48046875 0.10625 0.18125
0 0.06328125 0.1390625 0.059375 0.1109375
0 0.06953125 0.3234375 0.059375 0.1953125
0 0.1171875 0.26953125 0.1640625 0.1171875
0 0.18984375 0.140625 0.0453125 0.14375
0 0.328125 0.0875 0.0703125 0.15
0 0.46796875 0.0796875 0.0546875 0.1578125
0 0.58359375 0.42890625 0.2625 0.0828125
0 0.86640625 0.04140625 0.0578125 0.0828125
0 0.70546875 0.0265625 0.0578125 0.053125
0 0.221875 0.24375 0.2625 0.4578125
0 0.03359375 0.14609375 0.0328125 0.2109375
0 0.50703125 0.0953125 0.0578125 0.190625
0 0.54609375 0.08984375 0.0515625 0.1796875
0 0.92109375 0.0671875 0.0734375 0.134375
0 0.63671875 0.0359375 0.0296875 0.071875
0 0.77890625 0.05234375 0.1203125 0.1046875
0 0.86640625 0.440625 0.0859375 0.1328125
0 0.3734375 0.43515625 0.6875 0.1484375