0 0.50390625 0.64296875 0.1640625 0.7140625
0 0.7234375 0.2359375 0.0796875 0.1734375
0 0.4109375 0.4609375 0.3765625 0.2234375
0 0.37890625 0.565625 0.2921875 0.16875
0 0.3453125 0.62421875 0.13125 0.090625
0 0.89765625 0.2765625 0.0203125 0.0796875
0 0.8296875 0.278125 0.015625 0.1515625
0 0.81171875 0.24765625 0.015625 0.0625
0 0.7640625 0.38515625 0.084375 0.1765625
0 0.6015625 0.32890625 0.0984375 0.0328125
0 0.53125 0.275 0.0296875 0.109375
0 0.778125 0.2796875 0.046875 0.128125
0 0.9109375 0.28984375 0.0453125 0.2578125