0 0.31171875 0.5640625 0.3234375 0.1578125
0 0.11796875 0.5828125 0.2234375 0.28125
0 0.64765625 0.684375 0.3828125 0.1515625
0 0.5609375 0.85234375 0.5296875 0.228125
0 0.23125 0.88203125 0.2453125 0.134375
0 0.12890625 0.084375 0.2578125 0.075
0 0.11796875 0.2484375 0.2359375 0.1125
0 0.509375 0.196875 0.340625 0.36875
0 0.59296875 0.32734375 0.3890625 0.275
0 0.0625 0.26953125 0.1125 0.2046875
0 0.67578125 0.4375 0.5078125 0.36875
0 0.5625 0.48203125 0.5203125 0.3453125
0 0.3578125 0.26953125 0.3890625 0.43125
0 0.28515625 0.28515625 0.3046875 0.3546875
0 0.703125 0.5078125 0.534375 0.1984375
0 0.80234375 0.46875 0.36875 0.209375
0 0.740625 0.58359375 0.51875 0.2609375
0 0.7765625 0.46484375 0.446875 0.3234375
0 0.75078125 0.48828125 0.4703125 0.153125