0 0.80390625 0.35078125 0.121875 0.2171875
0 0.95 0.51484375 0.1 0.1203125
0 0.32265625 0.13515625 0.225 0.1671875
0 0.72734375 0.2875 0.2 0.259375
0 0.61640625 0.428125 0.3125 0.1171875
0 0.26796875 0.27578125 0.2484375 0.090625
0 0.49140625 0.29921875 0.1609375 0.1140625
0 0.4375 0.40390625 0.0609375 0.115625
0 0.24140625 0.3703125 0.2125 0.1359375
0 0.54921875 0.3 0.1109375 0.2359375
0 0.48671875 0.17109375 0.1296875 0.171875
0 0.21953125 0.25390625 0.1640625 0.146875
0 0.728125 0.6734375 0.0453125 0.08125
0 0.16875 0.76328125 0.1828125 0.1828125