0 0.375 0.21953125 0.4109375 0.3734375
0 0.9265625 0.32421875 0.0453125 0.1046875
0 0.7671875 0.46796875 0.0625 0.0859375
0 0.7046875 0.56875 0.0546875 0.1359375
0 0.48125 0.7203125 0.2546875 0.1609375
0 0.0953125 0.18671875 0.190625 0.1015625
0 0.434375 0.1953125 0.1765625 0.3546875
0 0.76875 0.453125 0.284375 0.1421875
0 0.921875 0.4125 0.153125 0.05
0 0.153125 0.90625 0.29375 0.1
0 0.57578125 0.634375 0.2296875 0.146875
0 0.815625 0.659375 0.21875 0.171875
0 0.8671875 0.67421875 0.265625 0.1578125
0 0.19296875 0.28515625 0.2265625 0.053125
0 0.07578125 0.3203125 0.1515625 0.0625
0 0.18046875 0.3671875 0.246875 0.05
0 0.10234375 0.42109375 0.2046875 0.1546875
0 0.0875 0.45234375 0.175 0.0515625
0 0.08046875 0.47578125 0.159375 0.015625
0 0.08359375 0.4953125 0.165625 0.0296875
0 0.1296875 0.28359375 0.259375 0.1078125
0 0.32265625 0.3546875 0.15 0.0515625
0 0.67734375 0.2671875 0.121875 0.15
0 0.77265625 0.23125 0.1859375 0.1421875
0 0.80234375 0.2515625 0.109375 0.0234375
0 0.53828125 0.2734375 0.0328125 0.0984375