0 0.33828125 0.2265625 0.4875 0.315625
0 0.0515625 0.59453125 0.103125 0.1046875
0 0.196875 0.33515625 0.35625 0.203125
0 0.2296875 0.41484375 0.2515625 0.0625
0 0.3359375 0.30703125 0.15625 0.2578125
0 0.35546875 0.4984375 0.3 0.1203125
0 0.33203125 0.49375 0.1140625 0.053125
0 0.3421875 0.52265625 0.1265625 0.0875
0 0.53671875 0.54765625 0.11875 0.109375
0 0.43671875 0.31484375 0.2859375 0.209375
0 0.49140625 0.2484375 0.1390625 0.1609375
0 0.89453125 0.1125 0.2109375 0.05
0 0.8984375 0.165625 0.178125 0.2296875
0 0.76640625 0.3875 0.090625 0.2125
0 0.65859375 0.3859375 0.034375 0.1125
0 0.70078125 0.390625 0.0421875 0.109375
0 0.70546875 0.1703125 0.075 0.2640625