0 0.509375 0.64375 0.13984375 0.71171875
0 0.7140625 0.228125 0.0734375 0.17109375
0 0.409375 0.4640625 0.36875 0.2109375
0 0.38125 0.56953125 0.2875 0.159375
0 0.35 0.6296875 0.12890625 0.08671875
0 0.88984375 0.2625 0.01796875 0.0796875
0 0.821875 0.26640625 0.01015625 0.1515625
0 0.80234375 0.23671875 0.01328125 0.06171875
0 0.76015625 0.37578125 0.07890625 0.17421875
0 0.5953125 0.32578125 0.09765625 0.02890625
0 0.5234375 0.27421875 0.02578125 0.1078125
0 0.7703125 0.2703125 0.04296875 0.12734375
0 0.903125 0.27578125 0.0359375 0.25703125