0 0.6890625 0.590625 0.346875 0.5828125
0 0.78515625 0.43359375 0.4296875 0.8671875
0 0.2515625 0.62421875 0.503125 0.7515625
0 0.26015625 0.69453125 0.2578125 0.440625
0 0.29296875 0.8875 0.178125 0.20625
0 0.1359375 0.92109375 0.1140625 0.1375
0 0.846875 0.69609375 0.30625 0.1953125
0 0.41796875 0.72421875 0.0703125 0.25625
0 0.1890625 0.80546875 0.359375 0.3890625
0 0.15234375 0.7046875 0.1734375 0.0484375
0 0.78828125 0.7453125 0.4234375 0.30625
0 0.89765625 0.78515625 0.2046875 0.3765625
0 0.546875 0.715625 0.0828125 0.2796875