0 0.71640625 0.3984375 0.22734375 0.05625
0 0.70859375 0.44609375 0.30078125 0.05
0 0.59609375 0.53671875 0.1515625 0.11484375
0 0.671875 0.5203125 0.2875 0.1296875
0 0.3796875 0.5203125 0.06328125 0.09765625
0 0.271875 0.53671875 0.08984375 0.08359375
0 0.2875 0.2421875 0.034375 0.2265625
0 0.246875 0.2734375 0.04921875 0.21875
0 0.43515625 0.2796875 0.05625 0.11171875
0 0.43984375 0.3703125 0.05859375 0.06640625
0 0.39609375 0.4046875 0.0640625 0.13984375
0 0.36328125 0.3640625 0.06640625 0.21640625
0 0.6359375 0.34921875 0.171875 0.12265625
0 0.75 0.80390625 0.0734375 0.07265625
0 0.63046875 0.746875 0.05625 0.040625
0 0.55 0.80234375 0.06640625 0.084375
0 0.21640625 0.86015625 0.1546875 0.12578125
0 0.125 0.76796875 0.17109375 0.03203125
0 0.19765625 0.64765625 0.11640625 0.0859375
0 0.11640625 0.54296875 0.23203125 0.0484375
0 0.2015625 0.40859375 0.090625 0.1484375
0 0.075 0.41875 0.15 0.15
0 0.0421875 0.33828125 0.084375 0.16171875
0 0.478125 0.56953125 0.0875 0.053125
0 0.890625 0.6015625 0.18046875 0.025
0 0.6125 0.6421875 0.1421875 0.06953125
0 0.73359375 0.6765625 0.2609375 0.0390625
0 0.88359375 0.60234375 0.2265625 0.1125
0 0.49296875 0.71640625 0.09296875 0.05546875