0 0.87890625 0.740625 0.2421875 0.41875
0 0.13125 0.54453125 0.2625 0.7171875
0 0.159375 0.684375 0.2953125 0.3125
0 0.1609375 0.49453125 0.1453125 0.4484375
0 0.2140625 0.32421875 0.1953125 0.559375
0 0.16484375 0.21328125 0.253125 0.3359375
0 0.528125 0.35859375 0.2390625 0.6125
0 0.4609375 0.44921875 0.1671875 0.475
0 0.41796875 0.76015625 0.1640625 0.4796875
0 0.8203125 0.496875 0.2625 0.36875
0 0.71796875 0.5140625 0.1203125 0.2734375
0 0.6765625 0.64375 0.315625 0.6796875
0 0.6375 0.58203125 0.2140625 0.41875
0 0.58125 0.6328125 0.309375 0.73125
0 0.5546875 0.27890625 0.15 0.41875
0 0.3328125 0.31953125 0.125 0.4953125