1 0.721875 0.5859375 0.0328125 0.040625
1 0.76640625 0.59609375 0.046875 0.0421875
1 0.44921875 0.60703125 0.03125 0.03125
1 0.215625 0.49765625 0.03125 0.053125
1 0.33046875 0.48125 0.0546875 0.0578125
1 0.78515625 0.4 0.0296875 0.0328125
1 0.81796875 0.4203125 0.0421875 0.0359375
1 0.75 0.4203125 0.046875 0.0453125
1 0.76015625 0.4828125 0.025 0.028125
1 0.6890625 0.603125 0.0328125 0.040625
1 0.6453125 0.625 0.0390625 0.034375
1 0.8375 0.64765625 0.028125 0.0265625
1 0.39765625 0.34453125 0.06875 0.065625
1 0.77421875 0.63984375 0.0703125 0.0484375