1 0.64765625 0.33125 0.240625 0.45
1 0.44921875 0.4078125 0.196875 0.31875
1 0.30859375 0.35390625 0.1296875 0.215625
1 0.37109375 0.5421875 0.121875 0.14375
1 0.28203125 0.58125 0.0828125 0.1796875
1 0.31875 0.809375 0.2265625 0.2609375
1 0.53203125 0.80625 0.1453125 0.265625
1 0.6421875 0.86015625 0.078125 0.19375
1 0.90703125 0.81171875 0.1703125 0.3078125
1 0.94765625 0.4546875 0.1046875 0.278125
1 0.834375 0.409375 0.0796875 0.10625
1 0.80625 0.26875 0.0703125 0.0890625
1 0.8078125 0.140625 0.096875 0.090625
1 0.46328125 0.78515625 0.0671875 0.128125
1 0.42421875 0.6640625 0.109375 0.1109375
1 0.19453125 0.55 0.1171875 0.1859375
1 0.03984375 0.49296875 0.0796875 0.1296875
1 0.0875 0.134375 0.153125 0.26875
1 0.23203125 0.0625 0.034375 0.0546875
1 0.24296875 0.16875 0.0578125 0.065625
1 0.17578125 0.23046875 0.0546875 0.084375
1 0.23671875 0.26796875 0.0671875 0.115625
1 0.1640625 0.37109375 0.0671875 0.0953125
1 0.225 0.42265625 0.0515625 0.075
1 0.3875 0.03828125 0.13125 0.0765625
1 0.66796875 0.08203125 0.0671875 0.1
1 0.925 0.07734375 0.15 0.1203125
1 0.678125 0.62578125 0.0734375 0.08125
1 0.05234375 0.921875 0.1046875 0.1125
1 0.80546875 0.86484375 0.1015625 0.1765625