1 0.1921875 0.19453125 0.153125 0.203125
1 0.3984375 0.16640625 0.253125 0.2140625
1 0.80625 0.1984375 0.0609375 0.115625
1 0.92109375 0.24296875 0.1328125 0.14375
1 0.93515625 0.3390625 0.1140625 0.084375
1 0.81015625 0.36640625 0.0953125 0.0890625
1 0.70546875 0.31640625 0.0734375 0.0890625
1 0.5265625 0.40859375 0.0734375 0.0734375
1 0.40390625 0.459375 0.1265625 0.11875
1 0.584375 0.2859375 0.14375 0.121875
1 0.55546875 0.228125 0.08125 0.0734375
1 0.4765625 0.19453125 0.0984375 0.0890625
1 0.4203125 0.3140625 0.1203125 0.128125
1 0.29296875 0.31875 0.128125 0.084375
1 0.30625 0.3890625 0.090625 0.065625
1 0.13828125 0.43984375 0.08125 0.128125
1 0.07421875 0.6046875 0.1484375 0.2125
1 0.33671875 0.484375 0.0765625 0.14375
1 0.3234375 0.60234375 0.05625 0.0859375
1 0.37421875 0.6140625 0.03125 0.046875
1 0.41875 0.6234375 0.075 0.0640625
1 0.55078125 0.60234375 0.0578125 0.071875
1 0.721875 0.6 0.1859375 0.159375
1 0.91796875 0.6484375 0.1 0.059375
1 0.85 0.4640625 0.04375 0.0359375
1 0.7859375 0.49140625 0.0453125 0.0375
1 0.58828125 0.37734375 0.1796875 0.1109375