1 0.615625 0.3078125 0.26875 0.4625
1 0.434375 0.41875 0.2171875 0.3296875
1 0.28671875 0.3890625 0.14375 0.221875
1 0.38046875 0.5640625 0.13125 0.1515625
1 0.29921875 0.6171875 0.0953125 0.1828125
1 0.375 0.83671875 0.2421875 0.275
1 0.584375 0.79609375 0.1625 0.2734375
1 0.70234375 0.83046875 0.0921875 0.196875
1 0.9296875 0.73515625 0.140625 0.3171875
1 0.9359375 0.37734375 0.128125 0.2828125
1 0.81328125 0.353125 0.0859375 0.1109375
1 0.76171875 0.21953125 0.075 0.09375
1 0.740625 0.09296875 0.1015625 0.096875
1 0.51328125 0.7875 0.075 0.13125
1 0.45390625 0.675 0.115625 0.1171875
1 0.2078125 0.60234375 0.1296875 0.1921875
1 0.04453125 0.5734375 0.0890625 0.134375
1 0.05703125 0.19921875 0.1140625 0.3015625
1 0.16015625 0.115625 0.0375 0.05625
1 0.1890625 0.21875 0.0625 0.06875
1 0.134375 0.290625 0.0609375 0.0875
1 0.20078125 0.3171875 0.075 0.1203125
1 0.146875 0.43125 0.071875 0.1
1 0.215625 0.471875 0.05625 0.0765625
1 0.309375 0.0609375 0.1359375 0.09375
1 0.59296875 0.05859375 0.0734375 0.103125
1 0.85390625 0.0375 0.1734375 0.075
1 0.696875 0.59296875 0.078125 0.084375
1 0.1203125 0.9671875 0.1375 0.065625
1 0.8640625 0.80625 0.1125 0.18125