1 0.5203125 0.546875 0.215625 0.253125
1 0.70703125 0.43828125 0.146875 0.1859375
1 0.81796875 0.6 0.0984375 0.15
1 0.61640625 0.7875 0.05625 0.090625
1 0.5953125 0.6828125 0.046875 0.0828125
1 0.54765625 0.86484375 0.090625 0.159375
1 0.7953125 0.62109375 0.13125 0.175
1 0.41015625 0.0734375 0.0890625 0.103125
1 0.4140625 0.2234375 0.06875 0.0921875
1 0.3796875 0.2796875 0.0515625 0.0828125
1 0.2765625 0.1390625 0.0734375 0.0734375
1 0.07109375 0.2140625 0.0828125 0.1078125
1 0.2328125 0.1109375 0.0609375 0.0765625
1 0.14609375 0.06328125 0.0578125 0.090625
1 0.08359375 0.08046875 0.08125 0.1234375
1 0.71484375 0.1203125 0.0453125 0.0640625
1 0.590625 0.3390625 0.0625 0.103125
1 0.54765625 0.278125 0.0578125 0.096875
1 0.4828125 0.2015625 0.0765625 0.1375
1 0.4078125 0.1421875 0.1234375 0.24375
1 0.16953125 0.14765625 0.0734375 0.0875
1 0.23125 0.23359375 0.040625 0.0546875
1 0.3375 0.371875 0.0359375 0.053125
1 0.18359375 0.671875 0.1125 0.1890625
1 0.10859375 0.59375 0.09375 0.103125
1 0.275 0.5703125 0.078125 0.1140625
1 0.44453125 0.39140625 0.0734375 0.146875
1 0.83046875 0.32890625 0.03125 0.0546875
1 0.82578125 0.24609375 0.03125 0.04375
1 0.85390625 0.23671875 0.0265625 0.0296875
1 0.68125 0.26796875 0.0453125 0.06875
1 0.76796875 0.27109375 0.04375 0.0640625
1 0.87265625 0.31640625 0.0359375 0.071875
1 0.98984375 0.46953125 0.0203125 0.0703125
1 0.93515625 0.3671875 0.046875 0.1015625
1 0.903125 0.32421875 0.0390625 0.08125
1 0.959375 0.29921875 0.04375 0.0453125
1 0.7984375 0.38515625 0.0234375 0.0359375
1 0.7890625 0.4859375 0.025 0.0484375
1 0.89140625 0.58359375 0.053125 0.0875
1 0.93984375 0.66484375 0.0625 0.09375
1 0.634375 0.53203125 0.0515625 0.0765625
1 0.37578125 0.40234375 0.06875 0.1015625
1 0.44765625 0.39453125 0.065625 0.1109375
1 0.50625 0.3921875 0.0390625 0.0609375