1 0.5328125 0.46796875 0.078125 0.1453125
1 0.65546875 0.44765625 0.11875 0.171875
1 0.51484375 0.31328125 0.071875 0.1171875
1 0.7875 0.4625 0.0859375 0.103125
1 0.95859375 0.50546875 0.0828125 0.1171875
1 0.9421875 0.2875 0.0671875 0.1421875
1 0.8484375 0.2890625 0.0875 0.0890625
1 0.88984375 0.40078125 0.0390625 0.0859375
1 0.9390625 0.409375 0.0546875 0.071875
1 0.97734375 0.42890625 0.034375 0.0359375
1 0.76796875 0.29375 0.0546875 0.078125
1 0.66015625 0.234375 0.06875 0.09375
1 0.59375 0.35859375 0.0484375 0.0734375
1 0.62578125 0.3 0.0421875 0.0484375
1 0.603125 0.23828125 0.0546875 0.071875
1 0.73828125 0.1875 0.025 0.0375
1 0.7140625 0.2546875 0.034375 0.0453125
1 0.5609375 0.21953125 0.0359375 0.05625
1 0.54765625 0.1890625 0.034375 0.0546875
1 0.5140625 0.19375 0.0390625 0.0390625
1 0.3484375 0.25 0.05625 0.08125
1 0.2609375 0.27109375 0.0796875 0.109375
1 0.3296875 0.371875 0.0625 0.0921875
1 0.3203125 0.28671875 0.04375 0.065625
1 0.38203125 0.26484375 0.0109375 0.025
1 0.40390625 0.25 0.03125 0.0265625
1 0.43671875 0.3171875 0.01875 0.0328125
1 0.41015625 0.29921875 0.021875 0.0359375
1 0.15859375 0.34453125 0.059375 0.065625
1 0.0515625 0.39296875 0.040625 0.046875
1 0.08203125 0.4140625 0.0265625 0.0859375
1 0.0828125 0.1234375 0.0203125 0.0296875
1 0.0421875 0.1234375 0.0125 0.0203125
1 0.0609375 0.13984375 0.0171875 0.040625
1 0.26875 0.14375 0.0375 0.0578125
1 0.48515625 0.2046875 0.034375 0.059375
1 0.4328125 0.1828125 0.028125 0.0578125
1 0.396875 0.17734375 0.0296875 0.05625
1 0.16953125 0.1875 0.0375 0.0328125
1 0.1796875 0.22890625 0.0265625 0.0390625
1 0.20390625 0.23671875 0.028125 0.040625
1 0.19921875 0.2828125 0.0390625 0.04375
1 0.221875 0.159375 0.0375 0.053125
1 0.1921875 0.16171875 0.0234375 0.0375
1 0.271875 0.1921875 0.0296875 0.040625
1 0.52734375 0.23828125 0.0265625 0.034375