1 0.72890625 0.56640625 0.0296875 0.0375
1 0.7734375 0.57265625 0.04375 0.0390625
1 0.45859375 0.6109375 0.028125 0.028125
1 0.21640625 0.52265625 0.028125 0.05
1 0.3296875 0.49609375 0.05 0.053125
1 0.775 0.37578125 0.028125 0.03125
1 0.81015625 0.39296875 0.0390625 0.0328125
1 0.7421875 0.3984375 0.04375 0.040625
1 0.7578125 0.46015625 0.0234375 0.025
1 0.69765625 0.5859375 0.028125 0.0375
1 0.65546875 0.61171875 0.0359375 0.03125
1 0.84921875 0.61796875 0.0265625 0.025
1 0.384375 0.35390625 0.0640625 0.059375
1 0.78515625 0.615625 0.065625 0.04375