1 0.4609375 0.4359375 0.484375 0.3046875
1 0.64296875 0.6828125 0.2875 0.2
1 0.85390625 0.04296875 0.2234375 0.0765625
1 0.746875 0.175 0.2015625 0.1640625
1 0.5234375 0.06875 0.190625 0.1375
1 0.09609375 0.0890625 0.1828125 0.178125
1 0.1625 0.30859375 0.121875 0.1078125
1 0.05625 0.36015625 0.109375 0.096875
1 0.215625 0.21796875 0.0765625 0.090625
1 0.08984375 0.2171875 0.0640625 0.0546875
1 0.02421875 0.25 0.0421875 0.06875
1 0.2921875 0.07421875 0.184375 0.1484375
1 0.68359375 0.02265625 0.09375 0.040625