1 0.521875 0.54609375 0.2078125 0.246875
1 0.7046875 0.43046875 0.140625 0.1828125
1 0.821875 0.58828125 0.09375 0.1484375
1 0.6265625 0.78359375 0.0546875 0.0890625
1 0.60234375 0.67890625 0.0453125 0.08125
1 0.56015625 0.8625 0.0859375 0.1578125
1 0.79921875 0.6109375 0.1265625 0.171875
1 0.3953125 0.0765625 0.0875 0.1
1 0.4046875 0.2265625 0.0671875 0.090625
1 0.371875 0.284375 0.05 0.08125
1 0.2640625 0.146875 0.071875 0.071875
1 0.06171875 0.2296875 0.0796875 0.1046875
1 0.21953125 0.1203125 0.059375 0.075
1 0.13125 0.07578125 0.05625 0.0890625
1 0.06953125 0.0953125 0.078125 0.121875
1 0.7015625 0.11328125 0.04375 0.0625
1 0.58515625 0.3359375 0.059375 0.103125
1 0.53984375 0.2765625 0.0546875 0.0953125
1 0.47265625 0.20234375 0.0734375 0.1359375
1 0.3953125 0.14609375 0.115625 0.2421875
1 0.15703125 0.159375 0.0703125 0.0859375
1 0.221875 0.24296875 0.0390625 0.053125
1 0.33359375 0.378125 0.034375 0.0515625
1 0.18984375 0.6828125 0.10625 0.1859375
1 0.11171875 0.60703125 0.090625 0.1
1 0.27734375 0.578125 0.075 0.1125
1 0.44140625 0.39375 0.06875 0.1453125
1 0.82421875 0.3171875 0.0296875 0.053125
1 0.81640625 0.23515625 0.0296875 0.0421875
1 0.84453125 0.22421875 0.025 0.028125
1 0.67265625 0.26171875 0.04375 0.0671875
1 0.76015625 0.26171875 0.0421875 0.0625
1 0.86640625 0.30390625 0.034375 0.0703125
1 0.98984375 0.4515625 0.0203125 0.06875
1 0.93046875 0.3515625 0.0421875 0.1015625
1 0.896875 0.31015625 0.0359375 0.08125
1 0.9515625 0.2828125 0.0421875 0.04375
1 0.79375 0.375 0.021875 0.0359375
1 0.78828125 0.47578125 0.025 0.0484375
1 0.89375 0.56953125 0.05 0.0875
1 0.9453125 0.64921875 0.059375 0.0921875
1 0.6359375 0.52734375 0.05 0.075
1 0.37265625 0.40625 0.065625 0.1
1 0.44375 0.39609375 0.0625 0.109375
1 0.50234375 0.3921875 0.0375 0.059375