1 0.47265625 0.43046875 0.5265625 0.3828125
1 0.60859375 0.7046875 0.315625 0.2453125
1 0.90546875 0.11015625 0.1890625 0.1140625
1 0.8 0.2234375 0.225 0.1953125
1 0.59765625 0.08125 0.2109375 0.1625
1 0.17421875 0.0640625 0.2109375 0.128125
1 0.20078125 0.253125 0.1375 0.1265625
1 0.0875 0.28515625 0.1234375 0.1125
1 0.26953125 0.17265625 0.090625 0.103125
1 0.1453125 0.15 0.071875 0.065625
1 0.075 0.171875 0.053125 0.075
1 0.36953125 0.0671875 0.2078125 0.134375
1 0.76328125 0.06171875 0.0984375 0.0546875