1 0.48125 0.52578125 0.1921875 0.1453125
1 0.6796875 0.39609375 0.259375 0.1546875
1 0.35 0.34765625 0.1515625 0.1171875
1 0.50390625 0.309375 0.1453125 0.1203125
1 0.81015625 0.5578125 0.0796875 0.0859375
1 0.9640625 0.49921875 0.071875 0.0734375
1 0.0765625 0.6578125 0.090625 0.0671875
1 0.025 0.5359375 0.05 0.075
1 0.0328125 0.39453125 0.059375 0.096875
1 0.27421875 0.2328125 0.103125 0.084375
1 0.95078125 0.1578125 0.053125 0.05625
1 0.84609375 0.15703125 0.0546875 0.0578125
1 0.965625 0.2921875 0.059375 0.059375
1 0.625 0.54921875 0.065625 0.075