1 0.52578125 0.4 0.221875 0.15625
1 0.70703125 0.4109375 0.1328125 0.1203125
1 0.33515625 0.42734375 0.246875 0.1734375
1 0.1078125 0.31796875 0.2015625 0.18125
1 0.4546875 0.08984375 0.109375 0.0984375
1 0.78203125 0.1140625 0.1125 0.0796875
1 0.5421875 0.16484375 0.0546875 0.0515625
1 0.45703125 0.1828125 0.125 0.1015625
1 0.32421875 0.16875 0.090625 0.075
1 0.196875 0.21953125 0.0984375 0.078125
1 0.1046875 0.19140625 0.059375 0.046875
1 0.02578125 0.18671875 0.0515625 0.0671875
1 0.10078125 0.10703125 0.053125 0.0390625
1 0.0296875 0.06015625 0.059375 0.0390625
1 0.25390625 0.59765625 0.321875 0.209375
1 0.28828125 0.76484375 0.1234375 0.084375
1 0.29453125 0.890625 0.1296875 0.1296875
1 0.1734375 0.87734375 0.096875 0.0828125
1 0.6234375 0.6859375 0.096875 0.103125
1 0.42109375 0.8828125 0.075 0.071875
1 0.975 0.56484375 0.05 0.0796875
1 0.89609375 0.690625 0.0625 0.071875
1 0.70859375 0.528125 0.13125 0.1203125
1 0.5203125 0.521875 0.1796875 0.15625
1 0.3390625 0.290625 0.3734375 0.1625
1 0.57265625 0.24375 0.0890625 0.0875
1 0.68359375 0.215625 0.1625 0.1703125
1 0.73828125 0.03203125 0.1453125 0.0640625
1 0.35625 0.065625 0.1015625 0.121875
1 0.17734375 0.0484375 0.26875 0.078125
1 0.0109375 0.10625 0.021875 0.040625
1 0.55 0.09296875 0.084375 0.065625
1 0.89296875 0.18046875 0.1875 0.1390625
1 0.71015625 0.82265625 0.28125 0.16875
1 0.2515625 0.13125 0.059375 0.0703125