1 0.52265625 0.39921875 0.2265625 0.1640625
1 0.70390625 0.40390625 0.1359375 0.125
1 0.3328125 0.4328125 0.2515625 0.18125
1 0.10234375 0.33125 0.2046875 0.1875
1 0.440625 0.0921875 0.1125 0.103125
1 0.76796875 0.1046875 0.115625 0.0828125
1 0.53046875 0.16328125 0.05625 0.053125
1 0.44609375 0.18515625 0.128125 0.1046875
1 0.3125 0.175 0.0921875 0.078125
1 0.18671875 0.23046875 0.1 0.08125
1 0.09375 0.20546875 0.0609375 0.0484375
1 0.02109375 0.2046875 0.0421875 0.06875
1 0.0875 0.12109375 0.053125 0.040625
1 0.02265625 0.0765625 0.0453125 0.040625
1 0.2578125 0.60625 0.328125 0.21875
1 0.29765625 0.771875 0.1265625 0.0890625
1 0.3078125 0.89765625 0.1328125 0.1328125
1 0.18671875 0.88828125 0.1 0.0859375
1 0.6296875 0.68125 0.1 0.1046875
1 0.434375 0.88515625 0.078125 0.075
1 0.97578125 0.5484375 0.0484375 0.08125
1 0.903125 0.6765625 0.065625 0.0734375
1 0.709375 0.52109375 0.1359375 0.1234375
1 0.52109375 0.52109375 0.184375 0.1625
1 0.33203125 0.296875 0.378125 0.175
1 0.56328125 0.24140625 0.0921875 0.090625
1 0.6734375 0.209375 0.1671875 0.175
1 0.72109375 0.02890625 0.1484375 0.0578125
1 0.340625 0.07109375 0.1046875 0.125
1 0.16171875 0.06015625 0.2703125 0.0875
1 0.0046875 0.12265625 0.009375 0.0421875
1 0.5359375 0.09140625 0.0859375 0.0671875
1 0.88203125 0.1671875 0.1921875 0.1453125
1 0.72109375 0.815625 0.2859375 0.178125
1 0.2390625 0.13984375 0.0609375 0.071875