1 0.534375 0.4703125 0.0875 0.1484375
1 0.65859375 0.45859375 0.1296875 0.178125
1 0.528125 0.31484375 0.078125 0.1203125
1 0.7890625 0.4828125 0.0921875 0.10625
1 0.95625 0.5375 0.0875 0.121875
1 0.95546875 0.31875 0.075 0.1453125
1 0.8625 0.3140625 0.0921875 0.09375
1 0.89609375 0.428125 0.0453125 0.0875
1 0.94453125 0.43984375 0.0578125 0.0734375
1 0.98125 0.4625 0.0375 0.0375
1 0.78203125 0.31328125 0.059375 0.0796875
1 0.67890625 0.24609375 0.075 0.096875
1 0.60390625 0.365625 0.053125 0.0765625
1 0.6390625 0.309375 0.0453125 0.0515625
1 0.62109375 0.24609375 0.059375 0.0734375
1 0.759375 0.2046875 0.028125 0.0375
1 0.73125 0.2703125 0.0359375 0.046875
1 0.5796875 0.225 0.040625 0.0578125
1 0.56953125 0.19296875 0.0390625 0.05625
1 0.5359375 0.1953125 0.040625 0.0421875
1 0.36640625 0.23984375 0.0609375 0.084375
1 0.278125 0.25546875 0.0859375 0.1140625
1 0.3390625 0.3609375 0.06875 0.0953125
1 0.3359375 0.275 0.0484375 0.0671875
1 0.3984375 0.25703125 0.0125 0.025
1 0.421875 0.24375 0.0328125 0.028125
1 0.45 0.31328125 0.0203125 0.0328125
1 0.42421875 0.29375 0.025 0.0359375
1 0.1703125 0.32109375 0.0640625 0.06875
1 0.06015625 0.3625 0.04375 0.05
1 0.0890625 0.38515625 0.0328125 0.0875
1 0.11015625 0.0953125 0.021875 0.03125
1 0.06953125 0.0921875 0.0125 0.0203125
1 0.0875 0.11015625 0.0203125 0.0421875
1 0.29375 0.12890625 0.040625 0.059375
1 0.50546875 0.20390625 0.0375 0.0609375
1 0.45546875 0.17890625 0.03125 0.0578125
1 0.4203125 0.17109375 0.0328125 0.0578125
1 0.1921875 0.16484375 0.0390625 0.0359375
1 0.19921875 0.20703125 0.028125 0.040625
1 0.22265625 0.21640625 0.0296875 0.0421875
1 0.21484375 0.2625 0.0421875 0.046875
1 0.24609375 0.140625 0.040625 0.0546875
1 0.21640625 0.14140625 0.0265625 0.0375
1 0.29375 0.17734375 0.03125 0.0421875
1 0.54609375 0.240625 0.0296875 0.0359375