1 0.48359375 0.528125 0.1875 0.140625
1 0.66796875 0.37734375 0.2546875 0.146875
1 0.33515625 0.3640625 0.1484375 0.1125
1 0.48359375 0.31015625 0.140625 0.1171875
1 0.8140625 0.525 0.078125 0.0828125
1 0.96328125 0.45078125 0.071875 0.0703125
1 0.0953125 0.70078125 0.0875 0.0640625
1 0.028125 0.5859375 0.053125 0.0734375
1 0.02578125 0.44296875 0.0515625 0.0953125
1 0.24765625 0.2578125 0.1015625 0.08125
1 0.9125 0.1125 0.0515625 0.0546875
1 0.8078125 0.12265625 0.053125 0.05625
1 0.94140625 0.24453125 0.0578125 0.0578125
1 0.6296875 0.5359375 0.0640625 0.0734375