1 0.20859375 0.178125 0.14375 0.196875
1 0.415625 0.16171875 0.24375 0.203125
1 0.821875 0.21484375 0.0546875 0.1125
1 0.934375 0.26484375 0.1265625 0.1375
1 0.94296875 0.36171875 0.1109375 0.078125
1 0.81640625 0.3828125 0.090625 0.084375
1 0.71484375 0.32734375 0.06875 0.0859375
1 0.53125 0.41015625 0.0703125 0.0703125
1 0.40625 0.4546875 0.1203125 0.1125
1 0.5953125 0.290625 0.1390625 0.115625
1 0.56953125 0.23125 0.078125 0.0703125
1 0.4921875 0.19375 0.09375 0.084375
1 0.43046875 0.31015625 0.1140625 0.1234375
1 0.303125 0.3078125 0.1234375 0.078125
1 0.3125 0.37890625 0.0875 0.0609375
1 0.14140625 0.42109375 0.075 0.1234375
1 0.06953125 0.58359375 0.1390625 0.2046875
1 0.3375 0.47578125 0.0703125 0.140625
1 0.31796875 0.59296875 0.0515625 0.0828125
1 0.36796875 0.60703125 0.0296875 0.0453125
1 0.4125 0.61875 0.071875 0.0609375
1 0.5453125 0.6046875 0.0546875 0.06875
1 0.71640625 0.6109375 0.1796875 0.15
1 0.909375 0.6703125 0.096875 0.0546875
1 0.8515625 0.48203125 0.0421875 0.034375
1 0.7859375 0.50703125 0.0421875 0.0359375
1 0.59453125 0.38203125 0.175 0.1015625