0 0.43984375 0.5953125 0.8734375 0.79140625
0 0.78125 0.37890625 0.4375 0.3359375
0 0.90625 0.2703125 0.1875 0.540625
0 0.6703125 0.5375 0.61875 0.8796875
0 0.371875 0.4609375 0.50625 0.48671875
0 0.18359375 0.58125 0.284375 0.31328125
0 0.18828125 0.121875 0.26328125 0.16015625
0 0.2671875 0.0875 0.109375 0.175
0 0.171875 0.1890625 0.26015625 0.16875
0 0.18984375 0.234375 0.24296875 0.14921875
0 0.03984375 0.43125 0.0796875 0.1953125
0 0.453125 0.28671875 0.21328125 0.49765625
0 0.8703125 0.196875 0.0890625 0.23359375