0 0.23359375 0.490625 0.15 0.29453125
0 0.3109375 0.5015625 0.17421875 0.37109375
0 0.52578125 0.675 0.07890625 0.1578125
0 0.43828125 0.80390625 0.40234375 0.096875
0 0.0640625 0.8234375 0.0671875 0.084375
0 0.6859375 0.765625 0.36875 0.096875
0 0.628125 0.5609375 0.05859375 0.17890625
0 0.728125 0.25078125 0.36875 0.49453125
0 0.3765625 0.26328125 0.115625 0.36171875
0 0.096875 0.30859375 0.05703125 0.1421875
0 0.90546875 0.16640625 0.1890625 0.07265625
0 0.84140625 0.15078125 0.13203125 0.20859375
0 0.4671875 0.0828125 0.109375 0.0703125
0 0.0921875 0.234375 0.17109375 0.2078125
0 0.05390625 0.42578125 0.1015625 0.15078125
0 0.0984375 0.50390625 0.1875 0.15390625
0 0.35390625 0.11640625 0.20546875 0.1328125
0 0.6390625 0.3078125 0.04375 0.328125