1 0.63828125 0.3234375 0.2171875 0.4390625
1 0.44453125 0.4109375 0.18046875 0.309375
1 0.3015625 0.3640625 0.11953125 0.209375
1 0.3734375 0.54921875 0.11484375 0.13828125
1 0.28671875 0.5921875 0.07421875 0.17578125
1 0.33515625 0.81875 0.21328125 0.25078125
1 0.54765625 0.80390625 0.13203125 0.25859375
1 0.6609375 0.85234375 0.06875 0.190625
1 0.92265625 0.78984375 0.1546875 0.30078125
1 0.95 0.43203125 0.1 0.2734375
1 0.82890625 0.3921875 0.07421875 0.103125
1 0.79375 0.253125 0.065625 0.0859375
1 0.78828125 0.125 0.0921875 0.0859375
1 0.478125 0.78671875 0.06015625 0.125
1 0.4328125 0.66796875 0.10390625 0.10546875
1 0.19765625 0.565625 0.1078125 0.18046875
1 0.03828125 0.51796875 0.07578125 0.1265625
1 0.06875 0.14375 0.1375 0.2875
1 0.209375 0.07734375 0.03125 0.05234375
1 0.22578125 0.1828125 0.0546875 0.0625
1 0.1625 0.24765625 0.05078125 0.08125
1 0.225 0.28203125 0.06171875 0.11328125
1 0.1578125 0.3890625 0.06171875 0.09296875
1 0.22109375 0.4375 0.0484375 0.071875
1 0.3640625 0.040625 0.1265625 0.07890625
1 0.64609375 0.0734375 0.0625 0.096875
1 0.91171875 0.05625 0.1609375 0.1125
1 0.684375 0.61640625 0.06875 0.07734375
1 0.0625 0.9453125 0.125 0.10625
1 0.82421875 0.8484375 0.0921875 0.171875