0 0.56796875 0.24609375 0.14140625 0.0828125
0 0.5546875 0.265625 0.0859375 0.05625
0 0.82109375 0.27109375 0.1078125 0.0703125
0 0.68984375 0.296875 0.12734375 0.103125
0 0.94140625 0.29609375 0.1171875 0.06171875
0 0.91171875 0.34609375 0.090625 0.02734375
0 0.85859375 0.390625 0.1 0.06875
0 0.9328125 0.390625 0.13359375 0.04765625
0 0.86796875 0.3296875 0.06875 0.02890625
0 0.65 0.3078125 0.08046875 0.0640625
0 0.74296875 0.4453125 0.14140625 0.153125
0 0.7703125 0.31796875 0.271875 0.1234375