0 0.3328125 0.23671875 0.2328125 0.4703125
0 0.1375 0.440625 0.275 0.5140625
0 0.209375 0.83828125 0.15 0.278125
0 0.31484375 0.40546875 0.25703125 0.6
0 0.40234375 0.7421875 0.26640625 0.515625
0 0.365625 0.81171875 0.14609375 0.3640625
0 0.746875 0.68515625 0.1265625 0.53984375
0 0.70390625 0.2109375 0.084375 0.41328125
0 0.63828125 0.2078125 0.1421875 0.2796875
0 0.5625 0.2515625 0.1625 0.45859375
0 0.37421875 0.290625 0.21015625 0.54765625
0 0.51328125 0.64375 0.3609375 0.62578125
0 0.80234375 0.1328125 0.16015625 0.05546875
0 0.41484375 0.2765625 0.128125 0.54765625
0 0.47734375 0.23046875 0.03203125 0.42734375
0 0.95625 0.60546875 0.084375 0.66640625
0 0.84140625 0.7328125 0.13046875 0.26953125