0 0.5234375 0.3734375 0.16953125 0.04453125
0 0.67109375 0.39375 0.0890625 0.02109375
0 0.7765625 0.621875 0.10546875 0.11328125
0 0.109375 0.21171875 0.03828125 0.2421875
0 0.4171875 0.3140625 0.06484375 0.034375
0 0.45390625 0.3015625 0.07421875 0.09140625
0 0.5625 0.271875 0.11328125 0.0625
0 0.46484375 0.4078125 0.08984375 0.05234375
0 0.5 0.42109375 0.27265625 0.11484375
0 0.4421875 0.36015625 0.04296875 0.07890625
0 0.67109375 0.434375 0.128125 0.059375
0 0.61328125 0.54375 0.26171875 0.06875
0 0.62890625 0.60234375 0.0421875 0.0859375
0 0.6765625 0.5640625 0.12265625 0.02109375
0 0.3703125 0.23125 0.0390625 0.121875
0 0.13828125 0.1125 0.21015625 0.2140625
0 0.22265625 0.34765625 0.10234375 0.19765625
0 0.8109375 0.70078125 0.19140625 0.059375
0 0.78671875 0.715625 0.13828125 0.053125
0 0.7875 0.73359375 0.071875 0.05
0 0.65703125 0.49140625 0.109375 0.0484375
0 0.21015625 0.41875 0.0578125 0.0578125
0 0.1109375 0.475 0.071875 0.0578125
0 0.103125 0.46953125 0.04921875 0.053125
0 0.0875 0.428125 0.028125 0.05
0 0.6125 0.71953125 0.0765625 0.08828125
0 0.91015625 0.88515625 0.12265625 0.11015625