0 0.39375 0.31875 0.52734375 0.41796875
0 0.2453125 0.29921875 0.1875 0.26640625
0 0.5328125 0.45546875 0.509375 0.24140625
0 0.37578125 0.73125 0.37734375 0.2171875
0 0.60703125 0.77421875 0.3453125 0.05859375
0 0.71015625 0.6078125 0.18046875 0.1953125
0 0.68203125 0.58828125 0.10078125 0.1125
0 0.93671875 0.1125 0.04375 0.17109375
0 0.86796875 0.14140625 0.14765625 0.2828125
0 0.0515625 0.2 0.03125 0.346875
0 0.225 0.27265625 0.33203125 0.34453125
0 0.1140625 0.915625 0.21796875 0.1125
0 0.3140625 0.35078125 0.33828125 0.31484375
0 0.81796875 0.7375 0.275 0.16640625
0 0.746875 0.871875 0.20859375 0.12734375
0 0.9484375 0.603125 0.0734375 0.1125
0 0.94296875 0.4578125 0.0765625 0.1828125