0 0.33984375 0.46953125 0.1390625 0.15859375
0 0.28984375 0.09140625 0.03828125 0.096875
0 0.48984375 0.1515625 0.05 0.08515625
0 0.28203125 0.253125 0.04140625 0.0984375
0 0.63515625 0.22578125 0.0296875 0.07890625
0 0.81484375 0.25859375 0.0265625 0.090625
0 0.95703125 0.346875 0.0390625 0.11953125
0 0.4453125 0.646875 0.20390625 0.0640625
0 0.4875 0.15703125 0.040625 0.06640625
0 0.75390625 0.6609375 0.1453125 0.10390625
0 0.16796875 0.18203125 0.16953125 0.11875
0 0.20859375 0.12265625 0.103125 0.05234375
0 0.58203125 0.271875 0.040625 0.090625
0 0.5390625 0.24921875 0.065625 0.11796875
0 0.55 0.32265625 0.04375 0.06484375
0 0.52734375 0.31875 0.03203125 0.05234375
0 0.72109375 0.5828125 0.07421875 0.05625
0 0.4828125 0.0625 0.03359375 0.1109375
0 0.60390625 0.171875 0.15390625 0.1125
0 0.33359375 0.24921875 0.05390625 0.11328125
0 0.38828125 0.20703125 0.065625 0.18046875
0 0.40703125 0.1953125 0.021875 0.10078125
0 0.8984375 0.390625 0.05625 0.1609375
0 0.92890625 0.2765625 0.05390625 0.0765625
0 0.88828125 0.27734375 0.11171875 0.0359375
0 0.9390625 0.69296875 0.121875 0.10390625
0 0.959375 0.49765625 0.08046875 0.125
0 0.71015625 0.3640625 0.01484375 0.0796875
0 0.64609375 0.3609375 0.02109375 0.04609375
0 0.678125 0.34296875 0.01640625 0.06875
0 0.95078125 0.1578125 0.0984375 0.025
0 0.9734375 0.05234375 0.053125 0.0890625
0 0.5671875 0.071875 0.0640625 0.04296875
0 0.646875 0.1375 0.0203125 0.07734375
0 0.3890625 0.3859375 0.08203125 0.03984375