0 0.3796875 0.2171875 0.40390625 0.36640625
0 0.9296875 0.33203125 0.04375 0.1046875
0 0.76796875 0.47265625 0.0609375 0.08515625
0 0.703125 0.57265625 0.05234375 0.134375
0 0.47734375 0.7203125 0.2515625 0.15625
0 0.09921875 0.18046875 0.19375 0.09765625
0 0.43984375 0.19453125 0.17109375 0.35234375
0 0.76953125 0.4578125 0.28125 0.1375
0 0.9234375 0.41953125 0.15234375 0.046875
0 0.14609375 0.9 0.29140625 0.09453125
0 0.5734375 0.6359375 0.2265625 0.14296875
0 0.8125 0.66484375 0.215625 0.16875
0 0.86484375 0.68046875 0.2640625 0.153125
0 0.196875 0.2796875 0.225 0.0484375
0 0.07734375 0.3140625 0.15390625 0.059375
0 0.1828125 0.36171875 0.24609375 0.04609375
0 0.103125 0.4140625 0.20546875 0.1515625
0 0.08828125 0.44609375 0.17578125 0.0484375
0 0.08125 0.46875 0.159375 0.01328125
0 0.08359375 0.48828125 0.165625 0.02734375
0 0.13203125 0.27734375 0.2609375 0.103125
0 0.325 0.3515625 0.1484375 0.0484375
0 0.68125 0.2703125 0.11953125 0.1484375
0 0.77734375 0.2359375 0.1828125 0.13828125
0 0.80625 0.25703125 0.109375 0.02109375
0 0.5421875 0.27421875 0.03046875 0.09765625