0 0.46171875 0.4234375 0.2234375 0.1578125
0 0.3015625 0.4703125 0.196875 0.1453125
0 0.6015625 0.2671875 0.24296875 0.075
0 0.8546875 0.4734375 0.25703125 0.1125
0 0.3703125 0.17421875 0.28125 0.0640625
0 0.38671875 0.12578125 0.2109375 0.0515625
0 0.64921875 0.1734375 0.03984375 0.0875
0 0.26484375 0.33671875 0.2046875 0.0296875
0 0.4859375 0.35234375 0.4 0.0640625
0 0.71328125 0.87734375 0.04140625 0.225
0 0.1953125 0.5828125 0.28984375 0.0859375
0 0.7328125 0.20234375 0.06875 0.0765625
0 0.80390625 0.2625 0.08984375 0.09375
0 0.728125 0.33359375 0.0875 0.0828125
0 0.89140625 0.10625 0.0328125 0.10546875
0 0.86015625 0.15625 0.0375 0.1125
0 0.8125 0.65859375 0.05390625 0.11171875
0 0.7046875 0.6359375 0.12421875 0.11875