1 0.4828125 0.52734375 0.18359375 0.13359375
1 0.671875 0.38359375 0.25078125 0.13828125
1 0.33984375 0.35859375 0.14453125 0.1078125
1 0.490625 0.309375 0.1375 0.11171875
1 0.81328125 0.5359375 0.075 0.08046875
1 0.96484375 0.4671875 0.0703125 0.06796875
1 0.08828125 0.68671875 0.0859375 0.06171875
1 0.02578125 0.56953125 0.05078125 0.071875
1 0.0265625 0.42734375 0.053125 0.09296875
1 0.25625 0.24921875 0.0984375 0.07734375
1 0.92578125 0.12734375 0.05 0.05234375
1 0.82109375 0.13359375 0.0515625 0.0546875
1 0.95 0.26015625 0.05546875 0.05625
1 0.628125 0.540625 0.0609375 0.07109375