0 0.61953125 0.36328125 0.7609375 0.1984375
0 0.69609375 0.67890625 0.6078125 0.6390625
0 0.5984375 0.7109375 0.803125 0.34765625
0 0.84453125 0.2203125 0.3109375 0.103125
0 0.73203125 0.19140625 0.196875 0.24765625
0 0.73125 0.090625 0.5375 0.178125
0 0.41171875 0.22109375 0.31640625 0.2375
0 0.72421875 0.675 0.546875 0.18515625
0 0.61015625 0.715625 0.77890625 0.3109375
0 0.30625 0.19375 0.125 0.3875
0 0.1265625 0.13828125 0.0390625 0.27578125
0 0.09609375 0.14609375 0.18984375 0.26953125
0 0.04765625 0.153125 0.0953125 0.221875
0 0.54453125 0.65078125 0.59296875 0.21875