0 0.69765625 0.34140625 0.22578125 0.075
0 0.71171875 0.3921875 0.2375 0.04921875
0 0.69375 0.221875 0.0859375 0.16015625
0 0.640625 0.55703125 0.1671875 0.125
0 0.14453125 0.32265625 0.0765625 0.11640625
0 0.4328125 0.3453125 0.05390625 0.15625
0 0.38203125 0.3453125 0.03828125 0.1296875
0 0.5640625 0.3875 0.1296875 0.15546875
0 0.57578125 0.33125 0.03828125 0.10859375
0 0.30078125 0.32109375 0.03203125 0.128125
0 0.45859375 0.53828125 0.125 0.0390625
0 0.61484375 0.81796875 0.146875 0.1515625
0 0.66328125 0.7234375 0.05703125 0.13203125
0 0.47734375 0.684375 0.0359375 0.0515625
0 0.88125 0.40390625 0.14140625 0.1546875
0 0.95703125 0.4140625 0.08515625 0.0515625
0 0.22734375 0.4140625 0.04609375 0.04453125
0 0.93984375 0.7125 0.1203125 0.02421875
0 0.89296875 0.65546875 0.03359375 0.0578125
0 0.92890625 0.56484375 0.06484375 0.065625
0 0.94296875 0.5390625 0.09375 0.08125
0 0.7703125 0.48671875 0.03046875 0.1
0 0.915625 0.22421875 0.02734375 0.07109375
0 0.72578125 0.22578125 0.096875 0.09921875