0 0.7734375 0.3 0.0875 0.2046875
0 0.95234375 0.4359375 0.0953125 0.1046875
0 0.26171875 0.171875 0.2046875 0.134375
0 0.68671875 0.2515625 0.1625 0.234375
0 0.60234375 0.40859375 0.30625 0.065625
0 0.2328125 0.31953125 0.24375 0.0484375
0 0.45703125 0.30390625 0.146875 0.090625
0 0.421875 0.41640625 0.0421875 0.11015625
0 0.22265625 0.4171875 0.1984375 0.10234375
0 0.5140625 0.29453125 0.071875 0.22734375
0 0.4296875 0.178125 0.10390625 0.15625
0 0.18125 0.30625 0.14453125 0.1234375
0 0.7546875 0.63125 0.0328125 0.0765625
0 0.21953125 0.8171875 0.1578125 0.15703125