0 0.3546875 0.40390625 0.17421875 0.6984375
0 0.82265625 0.95703125 0.1953125 0.0859375
0 0.8890625 0.76484375 0.22109375 0.2515625
0 0.91796875 0.5171875 0.0921875 0.17421875
0 0.09609375 0.10234375 0.05 0.10703125
0 0.08671875 0.28671875 0.04296875 0.1921875
0 0.1390625 0.23671875 0.15625 0.1046875
0 0.22265625 0.11484375 0.03359375 0.140625
0 0.36484375 0.07421875 0.0578125 0.1453125
0 0.5046875 0.078125 0.040625 0.15546875
0 0.5890625 0.43671875 0.25859375 0.0609375
0 0.90625 0.0578125 0.0484375 0.115625
0 0.74765625 0.03515625 0.05234375 0.0703125
0 0.2453125 0.2203125 0.225 0.440625
0 0.06640625 0.10703125 0.01484375 0.21015625
0 0.54296875 0.09609375 0.040625 0.1921875
0 0.5828125 0.0921875 0.03515625 0.18359375
0 0.959375 0.0859375 0.059375 0.17109375
0 0.678125 0.04296875 0.02265625 0.08515625
0 0.81875 0.06328125 0.109375 0.1265625
0 0.8703125 0.47265625 0.07578125 0.1265625
0 0.3796875 0.42421875 0.68203125 0.0890625