0 0.68046875 0.60703125 0.29921875 0.559375
0 0.80234375 0.46015625 0.38125 0.8375
0 0.2359375 0.621875 0.44609375 0.75625
0 0.24375 0.67265625 0.22109375 0.42265625
0 0.26015625 0.86796875 0.1625 0.19296875
0 0.10078125 0.8875 0.10390625 0.1296875
0 0.84140625 0.7265625 0.3171875 0.16875
0 0.3984375 0.71640625 0.0484375 0.253125
0 0.1640625 0.78046875 0.328125 0.36796875
0 0.1359375 0.6734375 0.17109375 0.034375
0 0.78203125 0.77109375 0.43515625 0.26875
0 0.890625 0.8203125 0.21328125 0.35859375
0 0.528125 0.71875 0.059375 0.275