0 0.5078125 0.3546875 0.590625 0.3546875
0 0.77109375 0.4578125 0.19921875 0.23984375
0 0.2578125 0.55859375 0.51171875 0.234375
0 0.359375 0.715625 0.5296875 0.2796875
0 0.41015625 0.7875 0.3859375 0.228125
0 0.21328125 0.42109375 0.2140625 0.234375
0 0.61171875 0.47890625 0.09296875 0.1390625
0 0.60390625 0.4828125 0.1 0.22421875
0 0.52265625 0.4109375 0.05625 0.2015625
0 0.44921875 0.60703125 0.225 0.234375
0 0.3796875 0.446875 0.08046875 0.20390625
0 0.625 0.765625 0.28828125 0.43671875
0 0.66796875 0.86328125 0.18046875 0.1578125