0 0.44453125 0.46875 0.0609375 0.85703125
0 0.47265625 0.4546875 0.1375 0.809375
0 0.65859375 0.52734375 0.45703125 0.43125
0 0.80625 0.62734375 0.3875 0.45
0 0.3484375 0.6546875 0.1640625 0.490625
0 0.22578125 0.31171875 0.16953125 0.1234375
0 0.51640625 0.2390625 0.07890625 0.42109375
0 0.07265625 0.88828125 0.14453125 0.02890625
0 0.69609375 0.8484375 0.04609375 0.18828125
0 0.92265625 0.8984375 0.1546875 0.203125
0 0.93046875 0.37265625 0.08828125 0.0859375
0 0.2046875 0.6359375 0.07109375 0.23984375