0 0.32421875 0.23515625 0.47265625 0.29140625
0 0.053125 0.61875 0.10625 0.1
0 0.1890625 0.3515625 0.346875 0.18515625
0 0.22578125 0.42890625 0.24921875 0.04921875
0 0.32578125 0.315625 0.14375 0.25
0 0.35546875 0.50625 0.29453125 0.1046875
0 0.33203125 0.50234375 0.11171875 0.04765625
0 0.34375 0.53125 0.121875 0.08125
0 0.5390625 0.5453125 0.11328125 0.10390625
0 0.42734375 0.31875 0.27578125 0.19453125
0 0.478125 0.24921875 0.13046875 0.15390625
0 0.884375 0.0921875 0.23046875 0.03828125
0 0.88046875 0.1453125 0.1671875 0.221875
0 0.76015625 0.3734375 0.08046875 0.20859375
0 0.65234375 0.378125 0.028125 0.1109375
0 0.69453125 0.38046875 0.03671875 0.10703125
0 0.68828125 0.16015625 0.06171875 0.26171875