0 0.678125 0.22109375 0.1703125 0.4421875
0 0.58984375 0.20859375 0.0734375 0.35234375
0 0.47734375 0.18984375 0.16015625 0.37578125
0 0.4421875 0.340625 0.19375 0.4890625
0 0.38359375 0.3109375 0.13984375 0.33515625
0 0.39375 0.4140625 0.07421875 0.17265625
0 0.340625 0.46171875 0.02734375 0.1453125
0 0.03203125 0.36875 0.0640625 0.08125
0 0.0328125 0.38359375 0.06484375 0.0671875
0 0.121875 0.403125 0.128125 0.07109375
0 0.94765625 0.25 0.0296875 0.16015625
0 0.68515625 0.17890625 0.14609375 0.3578125
0 0.940625 0.0609375 0.11796875 0.0546875