0 0.35546875 0.328125 0.14140625 0.03359375
0 0.31015625 0.37109375 0.18515625 0.04765625
0 0.446875 0.2640625 0.17890625 0.0546875
0 0.66328125 0.33984375 0.06328125 0.04140625
0 0.5671875 0.32421875 0.09453125 0.04765625
0 0.26484375 0.4890625 0.1015625 0.0734375
0 0.471875 0.46640625 0.22734375 0.090625
0 0.9765625 0.434375 0.01875 0.0515625
0 0.96328125 0.43515625 0.04296875 0.05078125
0 0.3578125 0.32109375 0.09453125 0.0796875
0 0.44296875 0.290625 0.15 0.0453125
0 0.4078125 0.4375 0.17890625 0.08515625
0 0.3421875 0.55390625 0.07265625 0.0390625
0 0.4328125 0.5078125 0.10546875 0.06171875
0 0.1515625 0.79765625 0.1453125 0.134375
0 0.01640625 0.4796875 0.03203125 0.128125
0 0.63671875 0.4015625 0.03359375 0.0515625