0 0.0734375 0.42734375 0.05234375 0.140625
0 0.11171875 0.428125 0.03984375 0.12421875
0 0.17421875 0.38359375 0.03125 0.196875
0 0.2078125 0.2953125 0.03203125 0.30625
0 0.3265625 0.26328125 0.0421875 0.14296875
0 0.28125 0.1640625 0.05546875 0.16953125
0 0.50078125 0.12109375 0.05703125 0.18203125
0 0.646875 0.140625 0.0390625 0.159375
0 0.78359375 0.10859375 0.0609375 0.121875
0 0.95234375 0.2375 0.08359375 0.0609375
0 0.39296875 0.23359375 0.05 0.1875
0 0.52578125 0.1984375 0.0703125 0.13203125
0 0.471875 0.2453125 0.0109375 0.096875
0 0.703125 0.1515625 0.04375 0.1078125
0 0.69453125 0.12734375 0.05546875 0.1484375
0 0.80859375 0.18671875 0.07890625 0.06015625
0 0.75390625 0.20625 0.028125 0.05234375