0 0.16796875 0.53046875 0.3359375 0.21015625
0 0.246875 0.36796875 0.19296875 0.37578125
0 0.390625 0.36328125 0.11015625 0.30390625
0 0.45546875 0.38203125 0.121875 0.28203125
0 0.86796875 0.5859375 0.2640625 0.31484375
0 0.8640625 0.546875 0.271875 0.31328125
0 0.8125 0.51484375 0.15234375 0.34453125
0 0.6109375 0.39296875 0.115625 0.4421875
0 0.63359375 0.428125 0.2828125 0.1625
0 0.66484375 0.46015625 0.14609375 0.3453125
0 0.1796875 0.71640625 0.359375 0.3046875
0 0.43671875 0.73515625 0.15078125 0.4890625
0 0.64921875 0.73828125 0.2546875 0.36484375
0 0.21171875 0.771875 0.15859375 0.19140625
0 0.2984375 0.678125 0.1359375 0.378125
0 0.496875 0.53984375 0.05703125 0.72578125