0 0.06171875 0.47265625 0.09140625 0.7734375
0 0.03125 0.653125 0.0625 0.69375
0 0.1171875 0.5484375 0.10546875 0.6265625
0 0.15078125 0.54609375 0.0625 0.6359375
0 0.20078125 0.50625 0.0765625 0.8265625
0 0.27265625 0.5390625 0.04453125 0.6265625
0 0.31796875 0.45859375 0.0640625 0.5265625
0 0.3515625 0.3953125 0.1140625 0.61875
0 0.4140625 0.3765625 0.05703125 0.490625
0 0.4375 0.3359375 0.1140625 0.67109375
0 0.5578125 0.46328125 0.04140625 0.91171875
0 0.7421875 0.3609375 0.10546875 0.659375
0 0.7125 0.50390625 0.05703125 0.43125
0 0.8046875 0.359375 0.05859375 0.64765625
0 0.86171875 0.38828125 0.0484375 0.73359375
0 0.9078125 0.5765625 0.04453125 0.809375
0 0.95234375 0.55703125 0.03359375 0.809375