0 0.5 0.67265625 1 0.5703125
0 0.69765625 0.34140625 0.22578125 0.075
0 0.71171875 0.3921875 0.2375 0.04921875
0 0.69375 0.221875 0.0859375 0.16015625
0 0.640625 0.55703125 0.1671875 0.125
0 0.14453125 0.32265625 0.0765625 0.11640625
0 0.4328125 0.3453125 0.05390625 0.15625
0 0.38203125 0.3453125 0.03828125 0.1296875
0 0.5640625 0.3875 0.1296875 0.15546875
0 0.57578125 0.33125 0.03828125 0.10859375
0 0.30078125 0.32109375 0.03203125 0.128125
0 0.45859375 0.53828125 0.125 0.0390625
0 0.61484375 0.81796875 0.146875 0.1515625