0 0.5609375 0.43046875 0.84921875 0.85546875
0 0.86328125 0.27265625 0.23359375 0.23359375
0 0.4890625 0.22578125 0.03828125 0.3203125
0 0.53984375 0.35234375 0.05625 0.18671875
0 0.725 0.0734375 0.05625 0.146875
0 0.728125 0.22109375 0.05234375 0.14921875
0 0.2390625 0.14609375 0.13671875 0.2765625
0 0.41171875 0.17578125 0.04765625 0.190625
0 0.39140625 0.35234375 0.05390625 0.1796875
0 0.2453125 0.45546875 0.0953125 0.1453125
0 0.640625 0.103125 0.0625 0.190625
0 0.659375 0.1671875 0.034375 0.1046875