0 0.21953125 0.46484375 0.05546875 0.16328125
0 0.271875 0.61796875 0.06875 0.1171875
0 0.44921875 0.4875 0.0328125 0.25234375
0 0.4734375 0.4421875 0.04921875 0.23125
0 0.52890625 0.3828125 0.03984375 0.21171875
0 0.57734375 0.33203125 0.0171875 0.1734375
0 0.5640625 0.43828125 0.025 0.1734375
0 0.6015625 0.42890625 0.04453125 0.14609375
0 0.63046875 0.403125 0.0453125 0.178125
0 0.63515625 0.51953125 0.06484375 0.17578125
0 0.68359375 0.43359375 0.05 0.209375
0 0.6953125 0.41796875 0.05234375 0.165625
0 0.7125 0.5234375 0.175 0.2765625
0 0.775 0.4109375 0.16328125 0.2296875
0 0.784375 0.47109375 0.2765625 0.45078125
0 0.4046875 0.48359375 0.03828125 0.26796875
0 0.4390625 0.496875 0.02734375 0.2125