0 0.4375 0.6515625 0.10234375 0.1203125
0 0.31875 0.87265625 0.09609375 0.13515625
0 0.35078125 0.4671875 0.084375 0.1109375
0 0.621875 0.23125 0.078125 0.08984375
0 0.3875 0.36953125 0.08203125 0.10234375
0 0.5 0.2 0.0703125 0.08671875
0 0.7234375 0.621875 0.06796875 0.08984375
0 0.128125 0.928125 0.10859375 0.13203125
0 0.63515625 0.69375 0.084375 0.10234375
0 0.26875 0.79296875 0.1 0.1140625
0 0.9703125 0.375 0.05625 0.09609375
0 0.5671875 0.5375 0.084375 0.09609375
0 0.50234375 0.36796875 0.0625 0.09921875