2 0.340625 0.33203125 0.13125 0.109375
2 0.52421875 0.1609375 0.1390625 0.115625
2 0.52734375 0.48984375 0.11875 0.1015625
2 0.2046875 0.68125 0.1625 0.1296875
2 0.34140625 0.79453125 0.134375 0.1078125
2 0.6890625 0.22578125 0.11875 0.0984375
2 0.7078125 0.359375 0.13125 0.109375
2 0.21796875 0.43828125 0.109375 0.1
2 0.8078125 0.52734375 0.115625 0.0953125
2 0.16484375 0.78515625 0.1453125 0.11875
2 0.57578125 0.74453125 0.1359375 0.115625
2 0.8859375 0.7046875 0.115625 0.103125
2 0.67109375 0.62578125 0.13125 0.1109375
2 0.53515625 0.64765625 0.146875 0.1203125
2 0.5 0.48203125 1 0.9640625