2 0.4 0.29140625 0.13125 0.109375
2 0.628125 0.18515625 0.1390625 0.115625
2 0.5296875 0.49921875 0.11875 0.1015625
2 0.1625 0.58125 0.1625 0.1296875
2 0.2578125 0.73125 0.134375 0.1078125
2 0.76484375 0.29765625 0.11875 0.0984375
2 0.74140625 0.43046875 0.13125 0.109375
2 0.25078125 0.3546875 0.109375 0.1
2 0.784375 0.62109375 0.115625 0.0953125
2 0.09296875 0.6671875 0.1453125 0.11875
2 0.496875 0.75546875 0.1359375 0.115625
2 0.80390625 0.8140625 0.115625 0.103125
2 0.6234375 0.67265625 0.13125 0.1109375
2 0.4875 0.6515625 0.146875 0.1203125
2 0.5 0.48203125 1 0.9640625