1 0.2390625 0.34921875 0.08984375 0.15390625
1 0.378125 0.45078125 0.0828125 0.17578125
1 0.315625 0.30390625 0.0765625 0.1234375
1 0.565625 0.36171875 0.1484375 0.14296875
1 0.628125 0.5328125 0.14375 0.17890625
1 0.49375 0.65234375 0.1078125 0.140625
1 0.36953125 0.63046875 0.096875 0.11328125
1 0.290625 0.7703125 0.03984375 0.05859375
1 0.58046875 0.81328125 0.04375 0.0796875
1 0.7390625 0.81484375 0.1078125 0.17109375
1 0.79140625 0.6625 0.12578125 0.15625
1 0.4515625 0.52109375 0.04453125 0.06640625
1 0.28359375 0.4296875 0.040625 0.0640625
1 0.34765625 0.540625 0.08359375 0.08515625