1 0.225 0.37734375 0.1046875 0.1625
1 0.3734375 0.4640625 0.1 0.1828125
1 0.29609375 0.32421875 0.0890625 0.13125
1 0.55078125 0.35546875 0.1625 0.1578125
1 0.63046875 0.51953125 0.1609375 0.1921875
1 0.509375 0.65234375 0.121875 0.1515625
1 0.38359375 0.64375 0.1078125 0.1234375
1 0.3203125 0.790625 0.0453125 0.0625
1 0.6125 0.803125 0.0515625 0.084375
1 0.7703125 0.78828125 0.125 0.18125
1 0.80703125 0.63125 0.1421875 0.16875
1 0.45390625 0.52578125 0.0515625 0.0703125
1 0.27734375 0.45234375 0.046875 0.0671875
1 0.353125 0.55625 0.0921875 0.09375