1 0.27578125 0.2984375 0.1203125 0.16875
1 0.39140625 0.4265625 0.1171875 0.1890625
1 0.36015625 0.26953125 0.1 0.1359375
1 0.59296875 0.378125 0.175 0.1703125
1 0.61875 0.55859375 0.178125 0.2046875
1 0.4625 0.64765625 0.134375 0.159375
1 0.3453125 0.60078125 0.11875 0.13125
1 0.2390625 0.72109375 0.0515625 0.065625
1 0.51328125 0.8234375 0.059375 0.0875
1 0.66875 0.8578125 0.140625 0.1890625
1 0.7515625 0.71953125 0.15625 0.1796875
1 0.4484375 0.5109375 0.0578125 0.0734375
1 0.303125 0.3859375 0.053125 0.071875
1 0.3421875 0.5078125 0.1 0.1