2 0.409375 0.63671875 0.1234375 0.1375
2 0.25078125 0.83125 0.1203125 0.1515625
2 0.36015625 0.4390625 0.1046875 0.125
2 0.67109375 0.259375 0.09375 0.103125
2 0.41484375 0.35078125 0.1 0.115625
2 0.55703125 0.20546875 0.0859375 0.0984375
2 0.69609375 0.6625 0.084375 0.1015625
2 0.059375 0.8484375 0.11875 0.15
2 0.59609375 0.715625 0.103125 0.1171875
2 0.2171875 0.74375 0.1203125 0.13125
2 0.97421875 0.46640625 0.0515625 0.1046875
2 0.55859375 0.55 0.1015625 0.1109375
2 0.52734375 0.37109375 0.0796875 0.109375