0 0.5 0.67265625 1 0.6046875
0 0.703125 0.3484375 0.228125 0.0828125
0 0.715625 0.4 0.2390625 0.0578125
0 0.703125 0.22890625 0.0921875 0.1625
0 0.63828125 0.56171875 0.171875 0.13125
0 0.15078125 0.31015625 0.08125 0.11875
0 0.43828125 0.34296875 0.059375 0.1578125
0 0.3875 0.34140625 0.0421875 0.13125
0 0.56796875 0.38984375 0.134375 0.159375
0 0.58125 0.334375 0.0421875 0.109375
0 0.30703125 0.3140625 0.0359375 0.1296875
0 0.45703125 0.53671875 0.1265625 0.04375
0 0.60390625 0.821875 0.1515625 0.15625