0 0.5 0.65078125 1 0.6984375
0 0.721875 0.378125 0.2359375 0.1125
0 0.72734375 0.43046875 0.2421875 0.0890625
0 0.7390625 0.259375 0.1125 0.171875
0 0.62890625 0.58046875 0.1859375 0.1515625
0 0.18046875 0.26328125 0.0953125 0.128125
0 0.4609375 0.3359375 0.0796875 0.1625
0 0.4109375 0.32734375 0.0609375 0.134375
0 0.5828125 0.4 0.1546875 0.175
0 0.60390625 0.346875 0.05625 0.1140625
0 0.33515625 0.2890625 0.053125 0.13125
0 0.45234375 0.53046875 0.1296875 0.0609375
0 0.5578125 0.8328125 0.1703125 0.175