0 0.08359375 0.540625 0.1671875 0.778125
0 0.07265625 0.68828125 0.1453125 0.6234375
0 0.1296875 0.6078125 0.2015625 0.6359375
0 0.1625 0.6 0.1609375 0.6375
0 0.20546875 0.553125 0.2046875 0.828125
0 0.28125 0.57421875 0.1421875 0.6265625
0 0.3140625 0.4875 0.1453125 0.5296875
0 0.33671875 0.41953125 0.209375 0.6296875
0 0.39609375 0.39140625 0.1328125 0.49375
0 0.4125 0.34765625 0.2171875 0.68125
0 0.5515625 0.4546875 0.1828125 0.90625
0 0.71640625 0.32890625 0.2078125 0.6578125
0 0.71015625 0.4703125 0.1234375 0.434375
0 0.778125 0.31875 0.159375 0.6375
0 0.8390625 0.34921875 0.1625 0.6984375
0 0.91484375 0.51171875 0.1703125 0.80625
0 0.9375 0.48515625 0.125 0.8046875