0 0.5 0.521875 1 0.95625
0 0.73203125 0.44140625 0.234375 0.0984375
0 0.71484375 0.48671875 0.3046875 0.10625
0 0.5875 0.5546875 0.1703125 0.1421875
0 0.66484375 0.553125 0.30625 0.1828125
0 0.378125 0.496875 0.08125 0.1078125
0 0.26875 0.4921875 0.1046875 0.0984375
0 0.340625 0.20625 0.0765625 0.2296875
0 0.29453125 0.2296875 0.090625 0.2234375
0 0.478125 0.27109375 0.0765625 0.1203125
0 0.465625 0.3609375 0.0703125 0.0765625
0 0.41640625 0.38671875 0.0890625 0.15
0 0.39140625 0.340625 0.10625 0.225
0 0.6625 0.378125 0.1921875 0.153125
0 0.6875 0.84609375 0.0859375 0.0859375
0 0.58125 0.7671875 0.0625 0.05
0 0.49140625 0.80625 0.08125 0.0953125
0 0.153125 0.79921875 0.1765625 0.153125
0 0.08359375 0.69140625 0.1671875 0.0640625
0 0.175 0.5875 0.13125 0.10625
0 0.1171875 0.46796875 0.234375 0.0921875
0 0.22421875 0.353125 0.1171875 0.1625
0 0.0984375 0.3390625 0.1765625 0.1765625
0 0.08125 0.25390625 0.1140625 0.175
0 0.465625 0.5640625 0.0953125 0.06875
0 0.8640625 0.67421875 0.18125 0.059375
0 0.58359375 0.6609375 0.153125 0.0953125
0 0.6953125 0.71796875 0.2640625 0.0875