0 0.5 0.553125 1 0.89375
0 0.7109375 0.3875 0.2296875 0.06875
0 0.70546875 0.43515625 0.303125 0.065625
0 0.59765625 0.53125 0.1578125 0.121875
0 0.67265625 0.5109375 0.29375 0.1453125
0 0.38125 0.5265625 0.06875 0.1015625
0 0.27421875 0.5484375 0.09375 0.0875
0 0.27421875 0.25390625 0.046875 0.228125
0 0.23515625 0.28671875 0.0609375 0.2203125
0 0.4234375 0.28359375 0.0625 0.1140625
0 0.4328125 0.3734375 0.0625 0.06875
0 0.39140625 0.41015625 0.071875 0.14375
0 0.35625 0.37109375 0.078125 0.2203125
0 0.628125 0.3421875 0.178125 0.13125
0 0.765625 0.790625 0.0765625 0.0765625
0 0.64296875 0.73984375 0.0578125 0.04375
0 0.565625 0.79921875 0.0703125 0.0875
0 0.2359375 0.87421875 0.1609375 0.134375
0 0.13984375 0.7875 0.171875 0.040625
0 0.20546875 0.66328125 0.1203125 0.0921875
0 0.11953125 0.56328125 0.234375 0.0609375
0 0.196875 0.42421875 0.0984375 0.153125
0 0.075 0.44140625 0.15 0.1578125
0 0.03984375 0.3625 0.0796875 0.165625
0 0.48203125 0.5703125 0.090625 0.0578125
0 0.8953125 0.58125 0.18125 0.034375
0 0.61953125 0.6359375 0.1453125 0.0765625
0 0.7421875 0.6640625 0.2625 0.053125