0 0.1046875 0.38046875 0.209375 0.7609375
0 0.05859375 0.54375 0.1171875 0.690625
0 0.11875 0.4609375 0.2375 0.634375
0 0.14921875 0.46640625 0.2046875 0.634375
0 0.20703125 0.4390625 0.2609375 0.821875
0 0.26953125 0.48671875 0.184375 0.6203125
0 0.33203125 0.41875 0.18125 0.528125
0 0.37890625 0.36484375 0.25 0.628125
0 0.44375 0.36015625 0.165625 0.490625
0 0.475 0.3328125 0.2625 0.665625
0 0.56484375 0.47734375 0.2453125 0.8984375
0 0.7671875 0.41875 0.2515625 0.665625
0 0.70625 0.5515625 0.153125 0.4328125
0 0.828125 0.43125 0.203125 0.64375
0 0.87734375 0.47265625 0.2125 0.725
0 0.8796875 0.63359375 0.225 0.7328125
0 0.91015625 0.62890625 0.1796875 0.7421875