1 0.7375 0.5171875 0.0375 0.04375
1 0.7828125 0.5140625 0.0515625 0.046875
1 0.4828125 0.6171875 0.034375 0.034375
1 0.22734375 0.58125 0.0375 0.0546875
1 0.3328125 0.53125 0.059375 0.0625
1 0.74296875 0.32109375 0.0328125 0.0359375
1 0.78125 0.33046875 0.0453125 0.040625
1 0.715625 0.35 0.0515625 0.05
1 0.74375 0.4078125 0.028125 0.0296875
1 0.7109375 0.54296875 0.0359375 0.0421875
1 0.675 0.57734375 0.0421875 0.0390625
1 0.86640625 0.54296875 0.03125 0.0296875
1 0.35625 0.38125 0.075 0.071875
1 0.803125 0.55390625 0.0734375 0.05625