1 0.52890625 0.46484375 0.06875 0.140625
1 0.64921875 0.43203125 0.1078125 0.165625
1 0.4953125 0.3125 0.0640625 0.1125
1 0.78203125 0.4328125 0.0796875 0.096875
1 0.959375 0.45703125 0.08125 0.1125
1 0.9171875 0.24296875 0.0578125 0.1390625
1 0.825 0.25390625 0.08125 0.0828125
1 0.87734375 0.3609375 0.0328125 0.084375
1 0.92734375 0.36328125 0.05 0.06875
1 0.9671875 0.3796875 0.0328125 0.034375
1 0.7453125 0.26640625 0.05 0.075
1 0.63203125 0.21875 0.0625 0.0890625
1 0.57890625 0.34921875 0.04375 0.0703125
1 0.60390625 0.28828125 0.040625 0.0453125
1 0.575 0.22890625 0.05 0.06875
1 0.7046875 0.1640625 0.0234375 0.0359375
1 0.6875 0.23359375 0.03125 0.0421875
1 0.53125 0.21484375 0.0328125 0.053125
1 0.51484375 0.1859375 0.03125 0.053125
1 0.48203125 0.19375 0.0359375 0.0375
1 0.3234375 0.2671875 0.05 0.078125
1 0.23828125 0.29765625 0.071875 0.1046875
1 0.31796875 0.390625 0.05625 0.0890625
1 0.29921875 0.30625 0.040625 0.0625
1 0.3578125 0.278125 0.009375 0.025
1 0.37890625 0.26171875 0.0296875 0.025
1 0.41796875 0.325 0.0171875 0.03125
1 0.38984375 0.309375 0.0203125 0.034375
1 0.14375 0.38125 0.05625 0.0625
1 0.04296875 0.440625 0.0375 0.0453125
1 0.075 0.4578125 0.0203125 0.0859375
1 0.04609375 0.16875 0.01875 0.0296875
1 0.00546875 0.1734375 0.0109375 0.0203125
1 0.02578125 0.18828125 0.0140625 0.040625
1 0.2328125 0.1703125 0.0328125 0.05625
1 0.45390625 0.2078125 0.03125 0.05625
1 0.4 0.19140625 0.025 0.05625
1 0.3640625 0.18984375 0.0265625 0.0546875
1 0.1390625 0.2234375 0.0359375 0.03125
1 0.153125 0.2640625 0.0234375 0.0375
1 0.178125 0.26875 0.025 0.0390625
1 0.178125 0.315625 0.0359375 0.0421875
1 0.1875 0.190625 0.034375 0.05
1 0.15859375 0.19609375 0.021875 0.0359375
1 0.24140625 0.21796875 0.0265625 0.0390625
1 0.5 0.23671875 0.025 0.0328125