1 0.6671875 0.35 0.290625 0.4703125
1 0.4609375 0.40234375 0.23125 0.3359375
1 0.328125 0.33203125 0.1546875 0.2265625
1 0.3671875 0.5265625 0.1375 0.15625
1 0.27421875 0.55390625 0.103125 0.1859375
1 0.28203125 0.78515625 0.253125 0.284375
1 0.49453125 0.8078125 0.175 0.278125
1 0.59765625 0.875 0.1015625 0.2
1 0.86484375 0.8484375 0.2046875 0.303125
1 0.940625 0.51015625 0.11875 0.2859375
1 0.84296875 0.45078125 0.090625 0.1140625
1 0.83203125 0.3078125 0.0796875 0.0953125
1 0.84921875 0.18046875 0.10625 0.1
1 0.42890625 0.77890625 0.08125 0.1328125
1 0.4046875 0.65390625 0.1203125 0.121875
1 0.190625 0.5125 0.1375 0.196875
1 0.0453125 0.4375 0.090625 0.1375
1 0.13671875 0.11328125 0.1859375 0.2265625
1 0.2875 0.03359375 0.040625 0.05625
1 0.28515625 0.13984375 0.0640625 0.0703125
1 0.21171875 0.19296875 0.0640625 0.0890625
1 0.2671875 0.2375 0.0796875 0.121875
1 0.18203125 0.33125 0.0765625 0.1015625
1 0.2359375 0.38984375 0.0609375 0.0796875
1 0.44609375 0.03671875 0.1390625 0.0734375
1 0.71796875 0.10546875 0.078125 0.10625
1 0.946875 0.13359375 0.10625 0.1390625
1 0.66171875 0.646875 0.08125 0.0875
1 0.03125 0.86171875 0.0625 0.1265625
1 0.75859375 0.89921875 0.1203125 0.1859375