1 0.53515625 0.53671875 0.2359375 0.26875
1 0.6734375 0.37109375 0.1625 0.1953125
1 0.83359375 0.48515625 0.1125 0.15625
1 0.7078125 0.73046875 0.065625 0.09375
1 0.65234375 0.6390625 0.0546875 0.084375
1 0.66953125 0.8265625 0.10625 0.1640625
1 0.81875 0.51328125 0.146875 0.184375
1 0.26953125 0.1296875 0.0984375 0.109375
1 0.325 0.26953125 0.0765625 0.096875
1 0.31171875 0.334375 0.059375 0.0859375
1 0.16640625 0.23671875 0.078125 0.078125
1 0.02265625 0.378125 0.0453125 0.1125
1 0.115625 0.22578125 0.0671875 0.08125
1 0.02578125 0.21015625 0.0515625 0.0953125
1 0.571875 0.06953125 0.0515625 0.0671875
1 0.5296875 0.3171875 0.071875 0.1078125
1 0.46875 0.27578125 0.0671875 0.1
1 0.38203125 0.225 0.0890625 0.1421875
1 0.290625 0.1953125 0.1453125 0.25
1 0.06875 0.28203125 0.08125 0.0921875
1 0.15625 0.34140625 0.0453125 0.05625
1 0.30390625 0.43515625 0.040625 0.0546875
1 0.26171875 0.76953125 0.1296875 0.1953125
1 0.1640625 0.721875 0.1015625 0.109375
1 0.3125 0.64296875 0.0875 0.11875
1 0.4109375 0.4171875 0.0875 0.15
1 0.7515625 0.22578125 0.0359375 0.05625
1 0.71953125 0.15 0.034375 0.0453125
1 0.74296875 0.13125 0.028125 0.03125
1 0.590625 0.2203125 0.0515625 0.071875
1 0.6734375 0.19296875 0.05 0.0671875
1 0.7875 0.2 0.0421875 0.0734375
1 0.95546875 0.3015625 0.0375 0.0703125
1 0.86328125 0.22578125 0.05625 0.103125
1 0.81875 0.196875 0.0453125 0.0828125
1 0.8625 0.15390625 0.046875 0.0484375
1 0.74140625 0.290625 0.0265625 0.0375
1 0.76640625 0.38828125 0.0296875 0.05
1 0.89609375 0.44453125 0.0609375 0.090625
1 0.9671875 0.5046875 0.065625 0.096875
1 0.6375 0.484375 0.059375 0.0796875
1 0.35 0.45078125 0.0765625 0.10625
1 0.41484375 0.41875 0.0765625 0.1140625
1 0.46875 0.396875 0.0453125 0.0625