1 0.18125 0.20546875 0.159375 0.2078125
1 0.38671875 0.1703125 0.259375 0.221875
1 0.7953125 0.1875 0.0640625 0.1171875
1 0.9125 0.228125 0.1375 0.1484375
1 0.92890625 0.3234375 0.1171875 0.0875
1 0.80546875 0.35546875 0.096875 0.0921875
1 0.69921875 0.309375 0.075 0.090625
1 0.5234375 0.4078125 0.0765625 0.075
1 0.40234375 0.46328125 0.1296875 0.121875
1 0.5765625 0.2828125 0.1484375 0.1265625
1 0.54609375 0.2265625 0.084375 0.0765625
1 0.465625 0.1953125 0.1015625 0.0921875
1 0.4140625 0.31640625 0.125 0.1328125
1 0.28671875 0.32578125 0.1296875 0.0875
1 0.303125 0.39609375 0.0921875 0.06875
1 0.1359375 0.45234375 0.0859375 0.1296875
1 0.078125 0.6203125 0.15625 0.215625
1 0.3359375 0.48984375 0.08125 0.1453125
1 0.3265625 0.60859375 0.0578125 0.0875
1 0.378125 0.61796875 0.0328125 0.0484375
1 0.42265625 0.62578125 0.0765625 0.0671875
1 0.5546875 0.6 0.059375 0.0734375
1 0.725 0.5921875 0.190625 0.1640625
1 0.92265625 0.63359375 0.1015625 0.0625
1 0.8484375 0.4515625 0.0453125 0.0375
1 0.7859375 0.48203125 0.0453125 0.0390625
1 0.584375 0.37421875 0.1828125 0.1171875