1 0.52734375 0.46328125 0.0765625 0.14375
1 0.6453125 0.42421875 0.115625 0.1703125
1 0.48515625 0.31328125 0.06875 0.115625
1 0.778125 0.41796875 0.084375 0.1015625
1 0.95625 0.4328125 0.0875 0.115625
1 0.903125 0.22109375 0.0640625 0.1421875
1 0.8109375 0.23671875 0.0859375 0.0875
1 0.86953125 0.34140625 0.0375 0.0859375
1 0.91953125 0.34140625 0.053125 0.0703125
1 0.96015625 0.3546875 0.034375 0.0359375
1 0.7328125 0.25390625 0.053125 0.0765625
1 0.6171875 0.2125 0.0671875 0.0921875
1 0.5703125 0.3453125 0.046875 0.0734375
1 0.59296875 0.2828125 0.0421875 0.0484375
1 0.5609375 0.22578125 0.053125 0.0703125
1 0.68671875 0.15390625 0.025 0.0359375
1 0.6734375 0.22421875 0.0328125 0.04375
1 0.515625 0.2140625 0.0359375 0.0546875
1 0.4984375 0.18515625 0.034375 0.0546875
1 0.46640625 0.1953125 0.0390625 0.0390625
1 0.3109375 0.2765625 0.0546875 0.08125
1 0.228125 0.31171875 0.078125 0.1078125
1 0.3125 0.4 0.0609375 0.090625
1 0.2890625 0.3171875 0.04375 0.0640625
1 0.34609375 0.2859375 0.0109375 0.025
1 0.36640625 0.26796875 0.03125 0.0265625
1 0.40859375 0.3296875 0.01875 0.0328125
1 0.3796875 0.315625 0.021875 0.034375
1 0.13828125 0.4 0.059375 0.065625
1 0.03984375 0.46484375 0.0390625 0.046875
1 0.0734375 0.48046875 0.025 0.0859375
1 0.02890625 0.19296875 0.0203125 0.0296875
1 0.01015625 0.21328125 0.0171875 0.040625
1 0.215625 0.184375 0.0359375 0.0578125
1 0.4390625 0.2109375 0.0328125 0.0578125
1 0.384375 0.196875 0.0265625 0.05625
1 0.3484375 0.19765625 0.028125 0.05625
1 0.125 0.24296875 0.0375 0.0328125
1 0.140625 0.28203125 0.025 0.0390625
1 0.16640625 0.2859375 0.0265625 0.040625
1 0.16875 0.3328125 0.0390625 0.04375
1 0.171875 0.20703125 0.0375 0.0515625
1 0.14296875 0.2140625 0.0234375 0.0359375
1 0.2265625 0.23203125 0.028125 0.040625
1 0.4859375 0.23671875 0.0265625 0.034375