1 0.24375 0.15 0.15625 0.2046875
1 0.4515625 0.1546875 0.25625 0.21875
1 0.85 0.25 0.0625 0.115625
1 0.94453125 0.3109375 0.1109375 0.146875
1 0.9484375 0.40859375 0.103125 0.0859375
1 0.82734375 0.41640625 0.0953125 0.090625
1 0.73203125 0.35078125 0.075 0.090625
1 0.540625 0.4140625 0.075 0.075
1 0.41171875 0.4453125 0.128125 0.1203125
1 0.6171875 0.3015625 0.1453125 0.1234375
1 0.596875 0.240625 0.0828125 0.075
1 0.52421875 0.19453125 0.1 0.090625
1 0.45078125 0.30390625 0.121875 0.1296875
1 0.32421875 0.28828125 0.128125 0.0859375
1 0.3265625 0.36015625 0.0921875 0.0671875
1 0.1515625 0.384375 0.084375 0.128125
1 0.06953125 0.53671875 0.1390625 0.2140625
1 0.34140625 0.45859375 0.0796875 0.14375
1 0.309375 0.5734375 0.05625 0.0859375
1 0.3578125 0.59296875 0.0328125 0.0484375
1 0.4 0.60859375 0.0765625 0.065625
1 0.534375 0.60859375 0.059375 0.071875
1 0.703125 0.6328125 0.1890625 0.1609375
1 0.8890625 0.71171875 0.1 0.0609375
1 0.8515625 0.51875 0.04375 0.0375
1 0.78359375 0.53671875 0.0453125 0.0390625
1 0.60703125 0.3921875 0.18125 0.1140625