1 0.478125 0.52421875 0.2046875 0.1640625
1 0.68984375 0.41484375 0.2703125 0.1796875
1 0.3671875 0.3328125 0.1609375 0.13125
1 0.52421875 0.3109375 0.1546875 0.134375
1 0.80234375 0.58984375 0.0875 0.0921875
1 0.9609375 0.54765625 0.078125 0.0796875
1 0.0625 0.6125 0.0953125 0.075
1 0.02578125 0.48515625 0.0515625 0.0796875
1 0.04609375 0.34609375 0.06875 0.1015625
1 0.303125 0.2109375 0.1109375 0.09375
1 0.97734375 0.20703125 0.0453125 0.0609375
1 0.8796875 0.19453125 0.0609375 0.0625
1 0.9765625 0.3421875 0.046875 0.065625
1 0.61875 0.5625 0.071875 0.08125