1 0.53125 0.53984375 0.21875 0.25625
1 0.68359375 0.38671875 0.15 0.1875
1 0.83359375 0.5140625 0.1015625 0.1515625
1 0.68671875 0.74765625 0.0578125 0.0921875
1 0.63984375 0.6515625 0.0484375 0.0828125
1 0.63984375 0.83984375 0.09375 0.1609375
1 0.81640625 0.540625 0.134375 0.1765625
1 0.30234375 0.1109375 0.090625 0.103125
1 0.3453125 0.2546875 0.0703125 0.0921875
1 0.3265625 0.31875 0.053125 0.0828125
1 0.190625 0.20859375 0.0734375 0.0734375
1 0.02734375 0.33515625 0.0546875 0.1078125
1 0.14140625 0.19296875 0.0625 0.078125
1 0.04453125 0.16953125 0.059375 0.0921875
1 0.015625 0.2015625 0.03125 0.125
1 0.609375 0.07734375 0.046875 0.0640625
1 0.54609375 0.32109375 0.0640625 0.1046875
1 0.4890625 0.2734375 0.059375 0.0984375
1 0.40625 0.215625 0.0796875 0.1390625
1 0.31796875 0.178125 0.1265625 0.2453125
1 0.08984375 0.2453125 0.075 0.0890625
1 0.17109375 0.31171875 0.0421875 0.0546875
1 0.31015625 0.41875 0.0375 0.053125
1 0.2390625 0.7484375 0.115625 0.190625
1 0.14609375 0.69140625 0.0953125 0.103125
1 0.30078125 0.62578125 0.0796875 0.115625
1 0.41875 0.409375 0.0765625 0.1484375
1 0.775 0.24921875 0.03125 0.0546875
1 0.7484375 0.17109375 0.03125 0.04375
1 0.77421875 0.15390625 0.0265625 0.0296875
1 0.61484375 0.22890625 0.046875 0.06875
1 0.7 0.209375 0.0453125 0.0640625
1 0.8125 0.2265625 0.0375 0.071875
1 0.97109375 0.3421875 0.0328125 0.0703125
1 0.8859375 0.25859375 0.0484375 0.1015625
1 0.84375 0.22578125 0.0390625 0.0828125
1 0.89140625 0.18671875 0.04375 0.0453125
1 0.75859375 0.3125 0.0234375 0.0375
1 0.77578125 0.41171875 0.0265625 0.0484375
1 0.89921875 0.4796875 0.0546875 0.0890625
1 0.96796875 0.5453125 0.0625 0.09375
1 0.63828125 0.49609375 0.053125 0.0765625
1 0.3546875 0.4375 0.0703125 0.103125
1 0.421875 0.41171875 0.0671875 0.1109375
1 0.478125 0.39453125 0.040625 0.0609375