1 0.5296875 0.465625 0.06640625 0.13984375
1 0.65 0.434375 0.1046875 0.1640625
1 0.4984375 0.3125 0.06171875 0.11171875
1 0.7828125 0.4375 0.07734375 0.09609375
1 0.96015625 0.46484375 0.0796875 0.1109375
1 0.921875 0.25 0.0546875 0.13828125
1 0.82890625 0.259375 0.08046875 0.08203125
1 0.8796875 0.3671875 0.03203125 0.08359375
1 0.9296875 0.37109375 0.0484375 0.0671875
1 0.96953125 0.3875 0.03203125 0.03359375
1 0.74921875 0.27109375 0.0484375 0.0734375
1 0.63671875 0.22109375 0.06171875 0.08828125
1 0.58125 0.35078125 0.0421875 0.0703125
1 0.6078125 0.28984375 0.0390625 0.0453125
1 0.5796875 0.23046875 0.04921875 0.0671875
1 0.71015625 0.16796875 0.02265625 0.03515625
1 0.6921875 0.23671875 0.03046875 0.0421875
1 0.5359375 0.215625 0.03203125 0.053125
1 0.5203125 0.1859375 0.03046875 0.05234375
1 0.4875 0.19375 0.0359375 0.03671875
1 0.32734375 0.2640625 0.04921875 0.07734375
1 0.2421875 0.29296875 0.0703125 0.10390625
1 0.31953125 0.3875 0.05546875 0.0875
1 0.30234375 0.303125 0.0390625 0.06171875
1 0.36171875 0.27578125 0.009375 0.02421875
1 0.3828125 0.259375 0.0296875 0.02421875
1 0.42109375 0.3234375 0.01640625 0.03125
1 0.39296875 0.3078125 0.01953125 0.03359375
1 0.14609375 0.375 0.0546875 0.06171875
1 0.04375 0.4328125 0.03671875 0.04453125
1 0.07578125 0.45078125 0.01953125 0.08515625
1 0.0515625 0.1609375 0.01796875 0.02890625
1 0.0109375 0.16484375 0.01015625 0.01953125
1 0.03125 0.1796875 0.0140625 0.03984375
1 0.23828125 0.165625 0.03203125 0.05546875
1 0.459375 0.20703125 0.0296875 0.05625
1 0.40546875 0.18984375 0.0234375 0.05546875
1 0.36953125 0.1875 0.025 0.0546875
1 0.14375 0.2171875 0.03515625 0.03046875
1 0.15703125 0.2578125 0.02265625 0.0375
1 0.18203125 0.26328125 0.02421875 0.03828125
1 0.18125 0.31015625 0.0359375 0.04140625
1 0.19296875 0.18515625 0.03359375 0.05
1 0.1640625 0.18984375 0.02109375 0.03515625
1 0.24609375 0.21328125 0.02578125 0.0390625
1 0.5046875 0.23671875 0.02421875 0.0328125