1 0.51015625 0.396875 0.240625 0.1875
1 0.690625 0.3796875 0.146875 0.1375
1 0.32578125 0.45390625 0.2671875 0.20625
1 0.09765625 0.38046875 0.1953125 0.2078125
1 0.39140625 0.10234375 0.121875 0.1140625
1 0.71796875 0.075 0.121875 0.0953125
1 0.4890625 0.1625 0.0609375 0.059375
1 0.4078125 0.19375 0.1375 0.11875
1 0.27421875 0.20078125 0.1 0.0875
1 0.15625 0.2703125 0.1078125 0.0921875
1 0.0609375 0.25703125 0.065625 0.0546875
1 0.04453125 0.17421875 0.0578125 0.046875
1 0.271875 0.634375 0.3453125 0.253125
1 0.3328125 0.79453125 0.1328125 0.1015625
1 0.3578125 0.91796875 0.1453125 0.1453125
1 0.2359375 0.9234375 0.1078125 0.0953125
1 0.65078125 0.6640625 0.1109375 0.1140625
1 0.48125 0.890625 0.084375 0.0828125
1 0.975 0.48828125 0.05 0.0859375
1 0.92109375 0.62578125 0.071875 0.0796875
1 0.7109375 0.4953125 0.146875 0.1375
1 0.5234375 0.51796875 0.2 0.1796875
1 0.3078125 0.31875 0.3890625 0.2171875
1 0.53125 0.23515625 0.1 0.1
1 0.63671875 0.190625 0.184375 0.190625
1 0.66015625 0.02109375 0.1546875 0.0421875
1 0.28984375 0.09375 0.1171875 0.134375
1 0.1234375 0.1046875 0.246875 0.11875
1 0.4859375 0.08984375 0.0921875 0.0765625
1 0.83828125 0.12265625 0.2046875 0.1640625
1 0.7578125 0.7859375 0.3 0.2078125
1 0.196875 0.175 0.06875 0.078125