1 0.48515625 0.52890625 0.1953125 0.1484375
1 0.6609375 0.36875 0.2625 0.159375
1 0.328125 0.3734375 0.153125 0.1203125
1 0.47421875 0.3109375 0.146875 0.1234375
1 0.81484375 0.50859375 0.08125 0.0859375
1 0.96015625 0.4265625 0.0765625 0.0734375
1 0.10625 0.721875 0.090625 0.06875
1 0.03359375 0.6109375 0.05625 0.0765625
1 0.02578125 0.46875 0.0515625 0.096875
1 0.23515625 0.27109375 0.1046875 0.0859375
1 0.89140625 0.09140625 0.0546875 0.05625
1 0.78828125 0.10703125 0.05625 0.059375
1 0.92734375 0.221875 0.0609375 0.0609375
1 0.63125 0.5296875 0.0671875 0.0765625