1 0.64140625 0.32578125 0.225 0.4421875
1 0.44609375 0.41015625 0.1859375 0.3125
1 0.30390625 0.3609375 0.1234375 0.2109375
1 0.37265625 0.546875 0.1171875 0.140625
1 0.28515625 0.58828125 0.0765625 0.1765625
1 0.3296875 0.815625 0.2171875 0.2546875
1 0.5421875 0.8046875 0.1359375 0.2609375
1 0.6546875 0.85546875 0.071875 0.1921875
1 0.9171875 0.796875 0.159375 0.303125
1 0.94921875 0.4390625 0.1015625 0.275
1 0.83046875 0.39765625 0.0765625 0.1046875
1 0.79765625 0.25859375 0.0671875 0.0875
1 0.79453125 0.13046875 0.09375 0.0875
1 0.4734375 0.7859375 0.0625 0.1265625
1 0.4296875 0.66640625 0.10625 0.1078125
1 0.196875 0.56015625 0.1109375 0.1828125
1 0.03828125 0.509375 0.0765625 0.128125
1 0.07421875 0.140625 0.1421875 0.28125
1 0.21640625 0.07265625 0.0328125 0.053125
1 0.23125 0.178125 0.05625 0.0640625
1 0.1671875 0.2421875 0.0515625 0.0828125
1 0.22890625 0.27734375 0.0640625 0.1140625
1 0.16015625 0.3828125 0.0640625 0.09375
1 0.221875 0.4328125 0.05 0.0734375
1 0.371875 0.0390625 0.128125 0.078125
1 0.65390625 0.07578125 0.0640625 0.0984375
1 0.91875 0.0625 0.1625 0.115625
1 0.68203125 0.61953125 0.0703125 0.078125
1 0.05859375 0.93671875 0.1171875 0.1078125
1 0.81796875 0.85390625 0.0953125 0.1734375