1 0.715625 0.6015625 0.0359375 0.0421875
1 0.75859375 0.61484375 0.05 0.0453125
1 0.44140625 0.603125 0.0328125 0.0328125
1 0.21640625 0.478125 0.034375 0.0546875
1 0.33203125 0.46953125 0.0578125 0.0609375
1 0.79140625 0.4203125 0.03125 0.034375
1 0.8234375 0.44296875 0.04375 0.0390625
1 0.75546875 0.4375 0.05 0.0484375
1 0.7609375 0.50078125 0.0265625 0.0296875
1 0.68203125 0.615625 0.034375 0.0421875
1 0.6359375 0.634375 0.040625 0.0375
1 0.8265625 0.67109375 0.0296875 0.028125
1 0.40859375 0.3375 0.0734375 0.06875
1 0.76328125 0.65859375 0.071875 0.053125