1 0.47421875 0.4296875 0.5296875 0.3890625
1 0.60546875 0.70703125 0.31875 0.25
1 0.909375 0.11875 0.18125 0.11875
1 0.8046875 0.228125 0.228125 0.1984375
1 0.60625 0.0828125 0.2125 0.165625
1 0.18359375 0.06171875 0.2140625 0.1234375
1 0.20546875 0.2484375 0.1390625 0.128125
1 0.09140625 0.278125 0.125 0.1140625
1 0.275 0.16875 0.0921875 0.103125
1 0.1515625 0.14375 0.0734375 0.065625
1 0.08125 0.1640625 0.053125 0.075
1 0.378125 0.06640625 0.209375 0.1328125
1 0.77109375 0.06640625 0.0984375 0.05625