2 0.36875 0.309375 0.11796875 0.09140625
2 0.57734375 0.16875 0.12578125 0.09765625
2 0.52890625 0.49453125 0.10625 0.08671875
2 0.1796875 0.6328125 0.14765625 0.1078125
2 0.296875 0.76640625 0.121875 0.08984375
2 0.7296875 0.25859375 0.1078125 0.0828125
2 0.72734375 0.39375 0.11796875 0.09140625
2 0.23125 0.3953125 0.09765625 0.08515625
2 0.8 0.575 0.10390625 0.0796875
2 0.12421875 0.72890625 0.13203125 0.09921875
2 0.53671875 0.753125 0.121875 0.09765625
2 0.84921875 0.7625 0.10234375 0.08828125
2 0.64921875 0.65078125 0.11796875 0.09296875
2 0.51171875 0.6515625 0.13203125 0.10078125
2 0.49921875 0.446875 0.98984375 0.890625