0 0.225 0.3015625 0.128125 0.221875
0 0.5015625 0.29296875 0.08046875 0.2046875
0 0.39765625 0.296875 0.10625 0.1828125
0 0.33515625 0.36484375 0.0625 0.090625
0 0.20546875 0.4296875 0.12421875 0.034375
0 0.62421875 0.23203125 0.0546875 0.1171875
0 0.58046875 0.26875 0.04765625 0.1515625
0 0.82265625 0.4234375 0.040625 0.14921875
0 0.92109375 0.43125 0.15 0.090625
0 0.8515625 0.43359375 0.0546875 0.08515625
0 0.95390625 0.46015625 0.09140625 0.07578125
0 0.1484375 0.4703125 0.26015625 0.065625
0 0.07890625 0.590625 0.14296875 0.06328125