1 0.53125 0.4015625 0.21484375 0.1453125
1 0.71171875 0.421875 0.1265625 0.1140625
1 0.3390625 0.41875 0.23828125 0.1609375
1 0.11796875 0.29765625 0.1921875 0.171875
1 0.4765625 0.08828125 0.1046875 0.09375
1 0.8015625 0.1296875 0.109375 0.0734375
1 0.559375 0.1671875 0.0515625 0.04921875
1 0.4734375 0.18125 0.11953125 0.0953125
1 0.34140625 0.16015625 0.08671875 0.07109375
1 0.21171875 0.20390625 0.09453125 0.0734375
1 0.12109375 0.17109375 0.0578125 0.04375
1 0.03359375 0.1625 0.06640625 0.06328125
1 0.121875 0.08671875 0.05078125 0.03671875
1 0.0515625 0.03671875 0.06171875 0.03515625
1 0.24921875 0.584375 0.31171875 0.19296875
1 0.275 0.753125 0.11953125 0.07890625
1 0.27421875 0.8796875 0.12265625 0.12265625
1 0.15390625 0.859375 0.09296875 0.078125
1 0.61328125 0.6921875 0.0921875 0.09765625
1 0.40078125 0.878125 0.071875 0.06875
1 0.97421875 0.58984375 0.0515625 0.0765625
1 0.8859375 0.7109375 0.059375 0.06875
1 0.70703125 0.5390625 0.12578125 0.11328125
1 0.51953125 0.52265625 0.17265625 0.14765625
1 0.35 0.2828125 0.3671875 0.14375
1 0.5859375 0.24765625 0.08515625 0.08359375
1 0.6984375 0.22578125 0.15390625 0.16171875
1 0.7625 0.03671875 0.1421875 0.0734375
1 0.37890625 0.05859375 0.0953125 0.1171875
1 0.2015625 0.03203125 0.26640625 0.0640625
1 0.02109375 0.08046875 0.0421875 0.03828125
1 0.57109375 0.09609375 0.08125 0.0609375
1 0.909375 0.2015625 0.18125 0.1296875
1 0.69296875 0.83359375 0.2734375 0.1546875
1 0.27109375 0.11875 0.05546875 0.06796875