1 0.2140625 0.1734375 0.140625 0.19375
1 0.421875 0.16015625 0.240625 0.1984375
1 0.8265625 0.2203125 0.053125 0.11171875
1 0.93828125 0.27265625 0.1234375 0.1359375
1 0.9453125 0.36953125 0.109375 0.0765625
1 0.81875 0.38828125 0.0890625 0.0828125
1 0.71796875 0.33125 0.0671875 0.084375
1 0.5328125 0.4109375 0.06953125 0.06875
1 0.40703125 0.453125 0.11875 0.11015625
1 0.59921875 0.2921875 0.13671875 0.1125
1 0.57421875 0.2328125 0.07734375 0.06875
1 0.49765625 0.19375 0.09296875 0.0828125
1 0.43359375 0.30859375 0.1125 0.12109375
1 0.30625 0.3046875 0.12265625 0.07578125
1 0.31484375 0.37578125 0.08671875 0.059375
1 0.14296875 0.41484375 0.0734375 0.12265625
1 0.06796875 0.57578125 0.1359375 0.203125
1 0.33828125 0.47265625 0.0671875 0.1390625
1 0.31640625 0.58984375 0.05 0.08203125
1 0.36640625 0.6046875 0.02890625 0.0453125
1 0.41015625 0.6171875 0.07109375 0.059375
1 0.54375 0.60546875 0.053125 0.06796875
1 0.7140625 0.61484375 0.1765625 0.146875
1 0.90625 0.67734375 0.09609375 0.05234375
1 0.8515625 0.48828125 0.04140625 0.03359375
1 0.7859375 0.51171875 0.0421875 0.03515625
1 0.596875 0.38359375 0.17265625 0.09921875